0.023 0.049518493098174444 168 speed: 129
0.149 0.34257877942779674 167 speed: 91
0.284 0.3451002306607758 167 speed: 106
0.41 0.8060887490137161 166 speed: 81
0.529 1.6152761168378995 165 speed: 107
0.648 1.5973465404995775 165 speed: 118
0.77 1.8138437088445292 164 speed: 92
0.889 1.8133357214757806 164 speed: 150
1.014 1.4007109896249808 163 speed: 140
1.143 0.9108140859743271 163 speed: 81
1.275 3.177387659713284 161 speed: 184
1.394 2.841673625263535 161 speed: 130
1.524 3.5088312388216165 160 speed: 90
1.643 3.475569016329146 160 speed: 130
1.763 5.241321428617335 158 speed: 117
1.886 3.042360457310331 158 speed: 172
2.005 3.3949991490389957 157 speed: 119
2.126 2.72626174695419 157 speed: 167
2.247 4.473717649675668 155 speed: 160
2.368 2.5792315627853353 155 speed: 72
2.489 2.481336138321599 155 speed: 129
2.606 3.936393343985746 153 speed: 99
2.733 5.274544093861487 152 speed: 136
2.857 3.587184192224709 151 speed: 125
2.975 3.9304070744901947 151 speed: 106
3.095 3.944798316838473 151 speed: 107
3.216 3.8166447480187804 149 speed: 166
3.335 2.614130679903095 149 speed: 120
3.454 2.5500810518014783 148 speed: 153
3.575 2.3477317146452106 147 speed: 103
3.696 3.0045852426178628 147 speed: 128
3.816 3.67166339394646 145 speed: 205
3.935 3.7432126977823454 145 speed: 125
4.073 4.285489972744369 144 speed: 143
4.191 3.9678084570960044 142 speed: 115
4.311 5.186061757060584 132 speed: 156
4.432 4.03573453842294 141 speed: 120
4.55 3.8788953211456065 141 speed: 157
4.673 3.7985845002702003 140 speed: 119
4.792 3.786495444719216 140 speed: 146
4.911 75.84987059533373 129 speed: 101
5.045 89.13397848090858 128 speed: 169
5.17 127.59968804731855 137 speed: 82
5.3 143.20981547146752 126 speed: 115
5.421 148.44159089572508 125 speed: 116
5.542 115.5188465381112 134 speed: 121
5.66 134.86294835459736 123 speed: 132
5.779 98.5215279732077 124 speed: 109
5.903 82.63690218831329 122 speed: 103
6.029 83.25259344867261 121 speed: 92
6.15 42.915085137256135 121 speed: 109
6.28 9.725852510610054 120 speed: 145
6.399 7.903999248531038 121 speed: 104
6.52 7.857702937172191 119 speed: 82
6.64 3.7059089855961855 118 speed: 73
6.759 6.953991352456997 117 speed: 91
6.878 6.559287955738979 117 speed: 113
7.004 6.2215764655108385 117 speed: 86
7.123 6.108580394916754 117 speed: 147
7.241 4.663772437493389 116 speed: 123
7.362 0.7217876812960834 116 speed: 127
7.499 0.3446778755608384 114 speed: 112
7.618 0.6812982869636451 115 speed: 71
7.738 3.3276171578427913 113 speed: 119
7.863 3.3077451093567656 113 speed: 122
7.984 3.8475035524414314 112 speed: 155
8.105 3.811943650755112 111 speed: 157
8.227 3.857902388133434 112 speed: 107
8.359 1.1786418069145228 111 speed: 109
8.482 1.2389458635752049 110 speed: 169
8.608 0.7057787618499247 110 speed: 86
8.728 0.7577917939792105 110 speed: 156
8.846 0.5850832952582473 109 speed: 131
8.965 3.2125541215965585 108 speed: 99
9.086 3.0094588210709143 114 speed: 110
9.206 28.505854730725236 114 speed: 87
9.328 30.69392583752666 113 speed: 97
9.443 31.105367750955768 113 speed: 98
9.569 28.714720337510716 113 speed: 92
9.687 28.757878966074014 113 speed: 92
9.811 3.4854286128742062 111 speed: 95
9.931 1.9005921418627851 110 speed: 110
10.051 1.2692031423582477 111 speed: 157
10.172 1.4933591112818272 110 speed: 84
10.315 2.1667080527283327 109 speed: 109
10.437 2.9230001431874415 108 speed: 106
10.556 2.388726923646825 108 speed: 40
10.677 2.3973467443788428 106 speed: 156
10.798 3.6322946523018267 106 speed: 139
10.917 2.9497076232772472 106 speed: 116
11.044 1.9629302250465837 106 speed: 92
11.164 3.8933482907224892 104 speed: 91
11.291 4.045376303007402 104 speed: 115
11.41 2.343462107708633 103 speed: 89
11.53 2.4823967383658174 103 speed: 171
11.653 2.482328272416802 103 speed: 125
11.773 0.834559218979115 102 speed: 94
11.911 0.6718963585876313 102 speed: 123
12.04 2.5364503154156597 100 speed: 147
12.159 2.360110583653151 100 speed: 165
12.291 2.384954884227952 99 speed: 165
12.416 3.692324948024017 98 speed: 127
12.533 5.069501854785554 97 speed: 101
12.655 4.279424219425487 96 speed: 149
12.782 4.219900292699894 95 speed: 160
12.9 4.633201978392274 95 speed: 119
13.023 2.92052633739966 93 speed: 159
13.147 3.4492208584809596 93 speed: 125
13.267 3.739122758321761 92 speed: 123
13.387 5.007256337733606 91 speed: 88
13.517 5.5979950553514195 90 speed: 153
13.637 5.626760524606277 90 speed: 151
13.76 5.746640045125279 88 speed: 140
13.88 4.538256154049142 88 speed: 120
13.999 3.2452869917100777 88 speed: 124
14.118 2.4950827673479345 87 speed: 146
14.239 2.4693105486931386 86 speed: 98
14.36 0.9466555526001998 85 speed: 63
14.485 3.805340894925372 84 speed: 91
14.607 4.114220116837747 84 speed: 102
14.736 4.479093659295451 83 speed: 134
14.856 4.502935785517651 83 speed: 102
14.976 4.382121241799281 81 speed: 143
15.098 2.097300615710405 81 speed: 119
15.217 2.764037430464703 80 speed: 98
15.337 2.1653679155931442 80 speed: 120
15.474 2.63696792762363 79 speed: 105
15.593 2.2598783438763035 79 speed: 120
15.708 1.9355101005333146 78 speed: 116
15.832 1.7264157341828124 77 speed: 110
15.954 1.6860687816885587 77 speed: 177
16.088 1.4878147535081325 76 speed: 162
16.208 2.223952510832882 75 speed: 96
16.329 1.8673532070781567 75 speed: 83
16.448 1.586531216595942 73 speed: 112
16.589 2.5209655724158777 73 speed: 71
16.721 3.2609607206029887 72 speed: 108
16.854 2.594391636987281 72 speed: 88
16.975 2.552957138314101 72 speed: 121
17.095 2.482515046504915 71 speed: 66
17.217 2.3705499750439083 70 speed: 93
17.348 1.3830409855376133 69 speed: 90
17.468 1.7781133331516061 69 speed: 120
17.588 2.5226032213137417 68 speed: 128
17.706 2.1439650295452535 68 speed: 99
17.825 1.7552730348343701 67 speed: 127
17.945 1.7290962957895328 66 speed: 68
18.111 1.6800483306747018 66 speed: 125
18.244 1.6651915663019872 65 speed: 124
18.362 1.6512392229812947 65 speed: 120
18.487 1.627308149079938 63 speed: 128
18.609 2.3533499660367974 63 speed: 117
18.745 1.945634957000142 62 speed: 139
18.866 3.2557150860691664 61 speed: 126
18.985 3.335435683747191 61 speed: 164
19.106 3.450039946594303 60 speed: 120
19.226 2.698810910313457 59 speed: 158
19.347 3.1948552759749056 58 speed: 56
19.471 1.8499103291967764 58 speed: 152
19.595 2.5160679779047896 57 speed: 159
19.715 3.139722291801739 56 speed: 54
19.848 3.2236148561116136 56 speed: 94
19.962 3.2260589732344367 55 speed: 118
20.082 3.3998677947902554 54 speed: 95
20.202 3.5575211243367963 53 speed: 133
20.319 2.4481501000405976 53 speed: 116
20.441 2.8008421895947553 52 speed: 130
20.564 3.100225360830466 51 speed: 101
20.684 2.2392529107883754 50 speed: 150
20.804 1.7497181287757049 50 speed: 109
20.923 2.77207570620312 49 speed: 25
21.046 3.3835384958185992 48 speed: 121
21.181 2.5907110026137055 48 speed: 167
21.306 2.5821736214459405 47 speed: 85
21.427 2.3899376181238448 46 speed: 155
21.545 2.0378106042142896 46 speed: 94
21.666 1.0314474207462754 46 speed: 87
21.794 1.5154556881036085 45 speed: 101
21.919 2.4054252212141254 44 speed: 87
22.041 2.214320105466914 43 speed: 96
22.183 1.984413701681043 43 speed: 117
22.299 2.832283465283604 42 speed: 85
22.42 2.3525275094942053 42 speed: 139
22.544 1.903289937075996 41 speed: 114
22.663 1.866689576117338 41 speed: 85
22.782 1.6509008017803208 40 speed: 197
22.9 1.39292323236549 39 speed: 128
23.022 1.3841702515727992 38 speed: 120
23.142 3.1206331391113324 37 speed: 99
23.264 3.2376738525635904 37 speed: 149
23.382 3.4228987629444347 36 speed: 163
23.503 2.7902374755160166 36 speed: 176
23.622 4.8707670404633525 34 speed: 80
23.741 4.272693949624336 33 speed: 86
23.867 5.4888533738867284 32 speed: 96
23.988 5.15951155125182 32 speed: 81
24.105 5.159236464611684 32 speed: 86
24.241 3.1208842577548674 32 speed: 143
24.359 1.5995313047504318 32 speed: 89
24.481 0.34168474937879295 32 speed: 117
24.604 1.9048098059887877 28 speed: 96
24.727 5.613310414589543 28 speed: 125
24.851 5.9646922797845825 28 speed: 100
24.99 6.735467075040597 27 speed: 89
25.109 6.683104116309764 27 speed: 106
25.23 5.5596892613887725 25 speed: 77
25.351 2.7217095599947383 25 speed: 105
25.471 2.356912232240989 25 speed: 105
25.591 2.0756663970324714 24 speed: 83
25.71 2.8130315384260136 23 speed: 133
25.837 2.2611747172766443 23 speed: 155
25.952 1.3974843199517488 23 speed: 75
26.076 1.5866406471740508 22 speed: 162
26.203 1.034434116373407 21 speed: 146
26.351 1.909908352799151 20 speed: 168
26.474 3.225219263526211 19 speed: 109
26.596 3.295226516864865 19 speed: 122
26.718 3.0727802040841086 17 speed: 134
26.838 14116.961649810937 17 speed: 98
26.957 16567.760560147864 16 speed: 155
27.082 16974.689618678472 15 speed: 80
27.428 17049.33649069556 15 speed: 77
27.666 17063.204145712927 18 speed: 49
27.923 2966.50838193029 19 speed: 111
28.187 522.0517128463168 19 speed: 167
28.429 115.8659111198723 20 speed: 145
28.682 43.65860275997498 21 speed: 108
29.021 32.89783912854635 23 speed: 177
29.222 26.857760816993366 24 speed: 122
29.48 24.519507190236943 27 speed: 103
29.76 29.876972855870125 28 speed: 77
29.932 32.125901914638256 28 speed: 140
30.103 36.3473096543228 32 speed: 116
30.342 33.80413082177978 32 speed: 118
30.544 30.645118160375795 32 speed: 202
30.758 26.029652143367393 33 speed: 126
31.016 24.143751810809192 37 speed: 114
31.218 28.139753046388847 37 speed: 155
31.439 25.289936218367334 39 speed: 109
31.656 26.621638129187147 41 speed: 88
31.862 30.923582077709728 41 speed: 147
32.094 32.38474744541466 42 speed: 96
32.303 22.268235972286842 42 speed: 133
32.518 21.59928121983111 44 speed: 117
32.739 21.41147688905717 45 speed: 95
32.94 21.375145892757452 47 speed: 155
33.09 21.740161974653653 49 speed: 148
33.296 24.043054562255694 50 speed: 98
33.489 22.208236556369677 50 speed: 128
33.655 24.91251933319531 52 speed: 98
33.837 19.382409664110007 52 speed: 107
33.988 16.82810265805718 53 speed: 86
34.16 15.756272642077867 55 speed: 89
34.322 15.43282114484894 56 speed: 151
34.493 11.987379643901406 56 speed: 109
34.657 13.475172613150129 58 speed: 134
34.881 14.36845371767402 59 speed: 126
35.058 14.953658556168381 59 speed: 124
35.223 15.545991925510153 61 speed: 204
35.433 15.996641417999093 61 speed: 143
35.781 16.101484189556793 64 speed: 120
35.985 29.775346866999797 67 speed: 93
36.188 34.646174899252244 68 speed: 172
36.41 35.659182452411734 69 speed: 88
36.624 36.02085598123851 71 speed: 137
36.88 39.3509443151531 72 speed: 82
37.141 26.710559423476628 73 speed: 89
37.351 22.18686038006306 74 speed: 113
37.606 20.81768055239901 75 speed: 123
37.863 20.246704148504918 76 speed: 133
38.239 16.83646356450608 79 speed: 121
38.512 24.43017853285349 81 speed: 171
38.871 31.963711507689176 83 speed: 160
39.111 38.49737998703243 83 speed: 77
39.347 45.09400267745002 85 speed: 127
39.602 52.025013736172994 87 speed: 149
39.877 42.37575373092578 90 speed: 53
40.152 42.02925772526005 91 speed: 155
40.525 37.99213647808173 93 speed: 126
40.803 36.23304209589733 95 speed: 135
41.05 35.67942401273084 96 speed: 170
41.319 38.830001282983346 98 speed: 108
41.553 36.056142041930045 100 speed: 142
41.809 40.014624964675924 101 speed: 196
42.088 37.52593453371342 103 speed: 141
42.338 36.020014900268855 105 speed: 139
42.615 40.167697327385284 107 speed: 161
42.979 41.33529581566356 110 speed: 68
43.251 46.78573622306001 113 speed: 137
43.46 58.47188680274458 112 speed: 71
43.663 52.03678068691944 113 speed: 160
43.87 44.85671109706834 115 speed: 89
44.095 41.81367636789561 109 speed: 132
44.302 38.93486003118601 118 speed: 151
44.52 56.64278442606397 118 speed: 126
44.728 62.39980405172968 111 speed: 120
44.956 78.34098631190176 111 speed: 108
45.155 74.59810005935526 113 speed: 185
45.366 63.78421169982999 114 speed: 121
45.591 31.131201719865714 114 speed: 119
45.773 24.548499219541355 116 speed: 111
45.965 11.192736052271027 117 speed: 139
46.169 13.138455348015352 119 speed: 187
46.38 18.37835978491128 120 speed: 74
46.599 20.729651007166574 122 speed: 153
46.806 27.076889966305394 124 speed: 91
46.997 30.715349997392153 134 speed: 108
47.204 115.70721469548076 126 speed: 154
47.428 114.06158402180905 137 speed: 93
47.645 173.9254846591021 138 speed: 125
47.865 186.40295287222568 139 speed: 139
48.086 185.9712090812919 141 speed: 94
48.269 105.70344834149189 141 speed: 115
48.524 102.80166940518694 143 speed: 110
48.782 44.253772981687064 144 speed: 135
49.024 28.610235716330855 146 speed: 84
49.278 28.134973424706168 146 speed: 183
49.535 21.08199706390505 149 speed: 111
49.795 29.264779421956035 149 speed: 147
50.156 25.768846516115897 153 speed: 118
50.426 37.922468839867804 154 speed: 96
50.81 37.84631743079592 157 speed: 138
51.1 50.2984093401532 158 speed: 142
51.363 46.80532598192862 159 speed: 126
51.638 48.86040039994464 161 speed: 129
51.888 39.513766950576304 163 speed: 58
52.246 40.64600401890134 165 speed: 140
52.514 35.430675716242156 166 speed: 108
52.743 33.66491654194693 167 speed: 102
52.997 33.045659273508676 167 speed: 130
53.199 33.791207049339704 169 speed: 178
53.407 29.535456422938648 171 speed: 71
53.597 24.006513910038908 171 speed: 121
53.785 25.565996119879756 174 speed: 106
53.983 26.207841779999228 174 speed: 142
54.198 22.39827698896298 176 speed: 122
54.392 21.202726460905723 176 speed: 91
54.588 20.625662436564927 179 speed: 104
54.788 20.601341599673923 179 speed: 143
55.01 17.628981960019253 180 speed: 89
55.237 16.370646854520665 183 speed: 126
55.421 24.66155529540969 183 speed: 198
55.654 24.1198247230355 184 speed: 73
55.922 20.106426449616222 187 speed: 83
56.197 28.543876805023046 187 speed: 57
56.405 31.546489571156215 189 speed: 109
56.59 24.06350929198107 189 speed: 116
56.778 22.855778163088996 190 speed: 150
57.002 22.423831999289465 191 speed: 113
57.206 14.980165421667223 192 speed: 104
57.438 12.274891184953873 194 speed: 94
57.667 14.413291454829253 195 speed: 103
57.919 17.336567572793 196 speed: 115
58.122 18.836239785443674 197 speed: 144
58.339 19.56811161589601 199 speed: 120
58.528 23.493930502613985 200 speed: 124
58.736 21.895880563973375 201 speed: 132
58.959 21.389486685765192 203 speed: 126
59.224 24.159384850461134 203 speed: 77
59.471 22.586023219628174 205 speed: 133
59.719 21.460752735255568 207 speed: 115
59.958 24.359609726675487 208 speed: 76
60.328 25.177926378625795 211 speed: 97
60.594 30.709396731867685 212 speed: 103
60.868 35.12507156439402 213 speed: 127
61.111 34.00388258882005 213 speed: 142
61.363 27.86018423844316 215 speed: 120
61.621 28.884534462780607 217 speed: 167
62.009 24.94458353806152 219 speed: 144
62.258 27.271885038731636 221 speed: 70
62.508 32.035974501061226 223 speed: 117
62.767 40.11348708818696 224 speed: 105
63.014 39.86708075391737 225 speed: 118
63.27 35.620045563308054 227 speed: 99
63.533 33.9684776257609 228 speed: 115
63.784 29.112453836707793 230 speed: 96
63.986 26.76661887277263 231 speed: 99
64.181 25.803671361585664 232 speed: 90
64.374 25.97048639973882 233 speed: 179
64.614 22.170316085071207 234 speed: 55
64.836 20.905904728155207 235 speed: 117
65.04 16.75358881832158 237 speed: 80
65.227 18.347693378665134 237 speed: 72
65.444 16.25585577645373 239 speed: 186
65.649 18.70462081056241 240 speed: 100
65.862 19.63390870573615 240 speed: 115
66.062 17.804222654534424 242 speed: 74
66.251 16.980398560875326 242 speed: 141
66.467 16.53555499072423 242 speed: 125
66.662 31828.90695295697 242 speed: 125
66.879 37465.09137470876 243 speed: 31
67.101 38401.883701371735 242 speed: 131
67.309 38578.990440887574 240 speed: 119
67.51 38627.02892397462 239 speed: 147
67.716 6821.724084771505 238 speed: 132
67.907 1185.9895917475526 237 speed: 118
68.105 250.3885254236303 236 speed: 130
68.31 69.86115539613692 234 speed: 89
68.498 23.991866409825 234 speed: 146
68.682 11.89845137761247 232 speed: 103
68.878 10.202357060768815 232 speed: 132
69.083 8.256736620906173 230 speed: 166
69.276 9.043893858023566 229 speed: 131
69.471 7.178597703272345 228 speed: 96
69.678 7.87749776770137 226 speed: 175
69.88 8.778658298206402 225 speed: 86
70.082 10.580595718094918 223 speed: 110
70.29 12.194713960567396 222 speed: 110
70.499 12.596024528693519 221 speed: 122
70.699 12.91203273260911 220 speed: 128
70.887 10.576950165909622 219 speed: 114
71.067 9.760843273972979 218 speed: 110
71.287 6.956672810863555 216 speed: 96
71.492 8.372649346148766 215 speed: 111
71.716 8.985185674620888 214 speed: 96
71.9 9.093592636624226 213 speed: 144
72.091 9.163793113738251 213 speed: 103
72.298 8.026327635505378 212 speed: 161
72.522 5.063782171238515 210 speed: 102
72.7 6.150934790474707 209 speed: 76
72.896 6.619243794286298 207 speed: 118
73.084 8.93535628182526 207 speed: 161
73.26 9.23017113477603 205 speed: 127
73.465 11.085073702183394 204 speed: 177
73.672 9.566861119944091 202 speed: 110
73.877 11.698245534433493 201 speed: 83
74.084 10.308220285504987 201 speed: 97
74.274 10.165835442676851 199 speed: 107
74.447 9.883036781430311 198 speed: 198
74.657 9.80063112161466 197 speed: 106
74.839 7.177133719735209 196 speed: 102
75.033 6.061195417272418 194 speed: 153
75.235 9.047041305764694 193 speed: 139
75.423 8.838031695276836 192 speed: 108
75.614 8.694109508181516 191 speed: 123
75.856 8.817342378256496 190 speed: 56
76.058 9.054752094479307 188 speed: 101
76.256 9.497269546263153 187 speed: 96
76.465 9.6619150584603 187 speed: 103
76.675 8.414822121660588 186 speed: 167
76.883 7.598297012287855 185 speed: 91
77.085 7.1188319047305875 183 speed: 138
77.296 6.600966227141452 182 speed: 120
77.518 6.398155984867852 181 speed: 111
77.667 9.963621944815767 180 speed: 144
77.842 9.67498570988444 179 speed: 147
78.002 9.61088531570554 178 speed: 106
78.207 7.225669148687398 176 speed: 181
78.396 8.548090537235156 175 speed: 103
78.802 6.623844288361958 172 speed: 131
78.994 13.881031587551007 171 speed: 113
79.201 16.034599910051426 170 speed: 152
79.386 16.88558638910251 169 speed: 152
79.592 14.712623230760736 168 speed: 199
79.8 13.89013587357745 166 speed: 148
80.012 9.684942001973182 165 speed: 95
80.215 8.711663798883992 162 speed: 111
80.406 14.617340772385216 161 speed: 138
80.661 16.482770571530587 160 speed: 155
80.897 17.18160573582916 159 speed: 137
81.105 14.912652159635272 157 speed: 168
81.305 16.369053139630374 156 speed: 117
81.484 10.903885784921203 154 speed: 89
81.672 12.29574545361353 153 speed: 78
81.883 12.580333689917522 152 speed: 166
82.1 13.077979702284871 151 speed: 68
82.254 11.19097785127436 151 speed: 67
82.433 9.289041460548647 149 speed: 111
82.604 7.169742191407549 148 speed: 162
82.771 6.905481918406403 148 speed: 75
82.919 6.847708261367315 147 speed: 57
83.09 5.449219059661902 146 speed: 148
83.252 5.898934892356347 145 speed: 97
83.42 4.710387583661769 144 speed: 89
83.593 4.036091377011517 143 speed: 128
83.765 3.4692500635721664 143 speed: 133
83.919 4.567214566597451 142 speed: 75
84.074 4.063382238604011 141 speed: 137
84.264 3.64166375003795 139 speed: 109
84.424 5.565499112673192 139 speed: 111
84.657 4.824826372798348 138 speed: 142
84.828 4.4278506360456475 137 speed: 68
85.011 5.179845549439277 136 speed: 159
85.174 5.5544869453456265 125 speed: 141
85.335 83.87030328678404 124 speed: 80
85.547 102.88386154914016 123 speed: 121
85.782 107.79659615689854 121 speed: 152
85.979 112.69936667070833 121 speed: 122
86.185 112.42925292328961 120 speed: 136
86.379 32.08157447141739 117 speed: 116
86.572 19.460812835715366 116 speed: 120
86.79 16.660851256748785 115 speed: 106
86.991 12.829172070530307 114 speed: 84
87.234 13.483969593145916 113 speed: 148
87.438 13.605897284918816 112 speed: 164
87.631 7.969736802589804 110 speed: 130
87.822 8.205262030998973 110 speed: 142
88.015 6.574845805060128 109 speed: 148
88.207 6.0424371307126385 108 speed: 90
88.418 6.019771120002 107 speed: 104
88.611 6.057809022586104 105 speed: 116
88.803 6.602291789017828 105 speed: 60
89.004 6.6599628553425765 105 speed: 152
89.194 5.947300930991076 104 speed: 79
89.492 5.340702898502528 104 speed: 145
89.657 5.0348718176645635 103 speed: 117
89.822 4.5689555236282535 101 speed: 93
89.994 4.543253206367587 101 speed: 135
90.167 26.895759739194098 107 speed: 102
90.331 31.29386785246882 107 speed: 109
90.499 30.862475134774787 105 speed: 84
90.665 27.66238403572355 105 speed: 125
90.824 27.80448135363871 104 speed: 91
90.993 6.371296548723687 103 speed: 61
91.162 2.7253726888720196 102 speed: 90
91.318 2.548666757858049 101 speed: 69
91.5 3.07808549031243 100 speed: 120
91.708 3.176046649666313 100 speed: 226
91.907 2.2542586814787366 100 speed: 129
92.097 3.3596992920417694 98 speed: 83
92.3 4.845084984479887 96 speed: 94
92.51 5.645462518054204 95 speed: 102
92.695 6.291498418641518 95 speed: 120
92.887 7.501319528033736 93 speed: 86
93.088 6.393818805877972 93 speed: 125
93.299 5.933788260602556 92 speed: 102
93.509 5.6242237503465535 89 speed: 137
93.718 7.74371994564999 89 speed: 121
93.911 6.872079431385213 89 speed: 103
94.122 8.169906524487129 86 speed: 171
94.327 8.6364076464642 86 speed: 108
94.516 8.878519514164743 83 speed: 120
94.7 8.866328482459933 83 speed: 151
94.913 8.777146108444624 83 speed: 150
95.127 8.713413056535439 80 speed: 163
95.354 8.809136259042395 78 speed: 81
95.563 11.371348464820269 77 speed: 108
95.758 10.214270366461868 75 speed: 98
95.96 13.833199205131963 75 speed: 138
96.159 11.834913557181777 74 speed: 148
96.335 10.929336008909047 73 speed: 89
96.523 7.971109227395807 72 speed: 140
96.725 6.844674643324658 70 speed: 115
96.932 6.0758360289406985 69 speed: 145
97.246 7.4855827673943285 67 speed: 128
97.451 10.588335252869264 67 speed: 103
97.657 11.773567461560376 64 speed: 114
97.867 14.624065525618285 64 speed: 139
98.049 11.903028164337604 64 speed: 120
98.249 12.79409748626217 61 speed: 135
98.448 10.631377329535146 61 speed: 97
98.646 10.018396377128505 60 speed: 88
98.842 7.470163548645483 59 speed: 98
99.045 8.090317701400805 57 speed: 159
99.239 6.494399104863742 57 speed: 117
99.445 5.622725773218216 54 speed: 176
99.628 7.17925568802554 54 speed: 147
99.857 7.600621894996282 53 speed: 128
100.071 10.115837457694711 50 speed: 156
100.272 10.82575540692485 50 speed: 155
100.451 11.249809066304433 49 speed: 130
100.648 11.67071734581589 47 speed: 129
100.855 12.080835296009411 44 speed: 70
101.039 12.78275847451371 43 speed: 88
101.264 13.04494800377544 42 speed: 143
101.454 13.28543766262089 42 speed: 94
101.635 9.932611179768118 40 speed: 157
101.827 9.908875679043978 40 speed: 147
102.032 5.8886825688619675 38 speed: 94
102.275 6.600513505583111 38 speed: 77
102.475 6.788163359727797 37 speed: 108
102.678 8.040131259746452 35 speed: 117
102.855 7.156194240149735 35 speed: 105
103.043 10.167421553095444 32 speed: 154
103.228 9.254037491236614 32 speed: 121
103.425 7.644096465591166 32 speed: 149
103.636 6.3297560772204795 29 speed: 95
103.825 9.85156196890066 29 speed: 117
104.023 9.036638271826225 27 speed: 96
104.216 8.562298541198937 27 speed: 172
104.42 11.905411329197527 25 speed: 131
104.626 13.71918659402756 22 speed: 135
104.818 12.57823255913174 22 speed: 155
105.004 10.51253327884264 20 speed: 130
105.194 11.999314217937197 20 speed: 91
105.384 10.085500299701184 17 speed: 157
105.587 31380.30252720956 17 speed: 93
105.753 36849.1345081037 15 speed: 86
105.915 37779.13276707195 16 speed: 76
106.098 37969.50007088939 18 speed: 148
106.259 38024.90086534844 19 speed: 57
106.423 6671.688482554331 19 speed: 213
106.62 1202.9450468954155 19 speed: 53
106.809 273.6680335795641 21 speed: 128
106.997 85.16362333561679 21 speed: 82
107.199 35.35069480910237 23 speed: 96
107.393 25.10936106135349 25 speed: 125
107.593 26.584730169989466 26 speed: 141
107.785 29.605636321289253 28 speed: 156
107.986 28.32329405872067 28 speed: 116
108.181 27.51914904550544 30 speed: 84
108.387 27.23824453360782 32 speed: 135
108.576 23.90164823221311 32 speed: 79
108.774 22.50654248393262 33 speed: 160
108.968 21.916379937300892 35 speed: 112
109.173 18.45013170546487 37 speed: 108
109.366 16.438332492159223 37 speed: 120
109.565 18.893159465536606 39 speed: 126
109.812 19.690688361966018 39 speed: 116
110.007 19.91970604598969 41 speed: 95
110.246 20.383354875240734 42 speed: 169
110.443 17.617670787985055 43 speed: 184
110.657 16.583134349193163 44 speed: 125
110.848 16.375863613622332 46 speed: 149
111.042 19.74199171458799 48 speed: 104
111.241 24.777176930557737 49 speed: 135
111.446 26.474629773411216 50 speed: 159
111.653 26.891053706035077 52 speed: 90
111.838 30.435861924737164 53 speed: 125
112.045 28.5207097608389 55 speed: 131
112.248 27.255003435228247 55 speed: 103
112.436 23.78602266138681 57 speed: 118
112.628 25.495109689682952 58 speed: 98
112.83 22.695220236113165 59 speed: 136
113.02 21.620003322766326 60 speed: 122
113.195 17.899342397169587 61 speed: 151
113.381 19.402882108736698 62 speed: 138
113.57 16.983578383976816 63 speed: 94
113.755 15.910254111939587 64 speed: 115
113.976 15.528794700907385 66 speed: 131
114.168 18.446077267871782 67 speed: 105
114.358 19.470518070521756 68 speed: 127
114.577 19.766591968563553 69 speed: 78
114.77 19.695620279839257 70 speed: 82
114.978 19.542247662301847 71 speed: 110
115.182 15.954339333915527 72 speed: 75
115.392 14.68422320920773 73 speed: 145
115.597 14.565469108538496 74 speed: 141
115.803 14.746128993997337 74 speed: 121
116.027 12.75958745379739 75 speed: 123
116.219 11.894796291191312 77 speed: 91
116.405 14.148749057178499 78 speed: 78
116.59 14.895432382434539 79 speed: 120
116.771 15.310264287429863 80 speed: 139
116.964 17.310493155529475 80 speed: 71
117.159 16.335172677862897 81 speed: 119
117.378 13.246258384149243 83 speed: 170
117.623 15.179710414426465 84 speed: 115
117.815 15.831044948479171 85 speed: 128
118.047 16.17348909245448 87 speed: 87
118.226 21.628385947067684 88 speed: 94
118.467 24.147447992552763 90 speed: 183
118.665 26.07696239203984 90 speed: 162
118.861 23.56944720353029 92 speed: 57
119.065 25.452581644302875 93 speed: 80
119.266 23.002972816837406 95 speed: 125
119.475 25.411218432981048 95 speed: 144
119.683 19.073262968420902 96 speed: 34
119.894 19.51745174216705 97 speed: 82
120.091 16.5570454943501 99 speed: 41
120.307 18.500043056121275 99 speed: 115
120.505 13.006143624708553 100 speed: 148
120.708 14.067007140412702 100 speed: 139
120.911 12.7579936370574 101 speed: 119
121.127 12.35825966903426 103 speed: 98
121.329 12.233241147619742 103 speed: 135
121.538 12.239952374016317 106 speed: 156
121.725 19.247145621445632 106 speed: 90
121.928 20.7338617982524 108 speed: 116
122.116 24.825567461985337 108 speed: 116
122.328 20.62507585167007 103 speed: 113
122.518 28.956861380226737 103 speed: 185
122.718 20.754338384776663 103 speed: 121
122.912 18.636976036943256 106 speed: 79
123.115 18.820964988496687 106 speed: 124
123.314 19.02314482581995 107 speed: 151
123.522 11.327756997148112 107 speed: 93
123.693 10.731477291974828 108 speed: 107
123.857 18.99511636906661 110 speed: 96
124.029 14.697573297929893 111 speed: 58
124.198 15.726252092318134 111 speed: 171
124.545 14.265033068609686 112 speed: 114
124.73 15.434744644979753 112 speed: 108
124.912 9.655044842083875 114 speed: 144
125.118 10.58004200356245 115 speed: 92
125.316 10.858373232439046 115 speed: 142
125.512 13.151972817651007 118 speed: 136
125.703 18.136447640092065 118 speed: 164
125.894 17.344563091167647 118 speed: 143
126.089 19.531781629515784 121 speed: 26
126.278 20.187828465875654 123 speed: 107
126.478 23.82189962624883 123 speed: 115
126.689 21.3825485051097 124 speed: 120
126.882 23.183137148401418 125 speed: 130
127.084 19.370023869837325 125 speed: 128
127.295 20.236906009815 128 speed: 59
127.516 16.820715288101958 140 speed: 74
127.719 123.51903667412171 140 speed: 131
127.932 149.03602269494218 141 speed: 94
128.127 177.82888611796471 142 speed: 131
128.332 216.3092026288217 142 speed: 60
128.541 227.40196524083026 143 speed: 138
128.732 127.66578328223945 145 speed: 104
128.922 101.0248164590895 146 speed: 92
129.138 73.77535867048593 147 speed: 86
129.339 33.56795502496996 147 speed: 113
129.608 21.931879589166588 149 speed: 95
129.903 13.310151628498149 150 speed: 90
130.139 13.597828498213579 151 speed: 102
130.398 13.890287385858393 152 speed: 116
130.661 14.033453562662748 154 speed: 116
130.914 17.524074080177083 155 speed: 110
131.169 18.81520305433505 156 speed: 90
131.43 19.389332791049974 158 speed: 111
131.787 22.811278603209125 160 speed: 86
132.049 28.076185385381272 162 speed: 124
132.314 30.83068849529799 162 speed: 119
132.674 31.773388505081062 165 speed: 97
132.921 35.90369427993444 166 speed: 120
133.198 34.19053068705716 167 speed: 113
133.454 29.56331312199127 168 speed: 110
133.733 23.712519595264915 170 speed: 108
133.954 24.78961023513063 171 speed: 68
134.191 21.484080733033004 173 speed: 124
134.446 23.780493204580353 174 speed: 100
134.718 24.65205695212053 175 speed: 119
134.956 24.917510222273986 176 speed: 97
135.215 21.92155006322928 178 speed: 98
135.459 23.588878980696123 179 speed: 53
135.715 21.259194346004524 180 speed: 187
135.993 20.28594318282086 181 speed: 96
136.245 20.1383646253856 182 speed: 134
136.593 19.92266174828468 185 speed: 71
136.8 24.815923288966758 185 speed: 106
137.009 30.553971944591346 187 speed: 138
137.225 29.386025108675227 188 speed: 94
137.42 28.907921525544673 188 speed: 139
137.612 32.374971411803976 190 speed: 124
137.827 25.87528816689455 192 speed: 120
138.053 18.998770456485257 193 speed: 108
138.284 20.11204602040232 194 speed: 158
138.469 20.445955911751792 194 speed: 114
138.692 20.497334701086384 196 speed: 106
138.892 24.149114218921365 198 speed: 91
139.094 22.43920833442066 198 speed: 71
139.304 21.54482635829248 200 speed: 139
139.496 21.050758239333774 200 speed: 93
139.675 17.601600014469508 201 speed: 129
139.891 12.789790657539378 203 speed: 141
140.062 13.897505920262159 203 speed: 83
140.25 14.388137765969187 206 speed: 134
140.457 18.259497141851128 206 speed: 134
140.655 16.846720303186217 206 speed: 82
140.865 19.024668335909602 209 speed: 110
141.05 19.96780298080784 209 speed: 103
141.245 20.16873267408695 210 speed: 103
141.455 16.74462054421116 212 speed: 120
141.653 18.532466906427533 212 speed: 159
141.878 16.088129179726767 214 speed: 69
142.096 15.306182443782617 216 speed: 130
142.31 18.404908293019208 216 speed: 112
142.498 16.96020193267646 216 speed: 129
142.703 19.390183814671584 219 speed: 150
142.94 20.547889749025433 220 speed: 111
143.137 20.99899096187972 220 speed: 126
143.323 21.216415698143656 222 speed: 106
143.508 23.560875263441048 223 speed: 72
143.72 21.49999403130112 225 speed: 158
143.922 20.7415536861621 225 speed: 112
144.143 20.000789897794238 227 speed: 51
144.332 16.076015566863376 228 speed: 72
144.539 14.753518749005494 229 speed: 91
144.733 14.002756563381869 229 speed: 126
144.989 11.448214810112509 230 speed: 53
145.212 10.342725055354704 231 speed: 70
145.427 10.120406602250302 233 speed: 125
145.625 13.64423837288027 233 speed: 144
145.815 12.251146176003925 234 speed: 101
146.015 14.080113396215701 235 speed: 155
146.18 15.262810754551497 237 speed: 118
146.401 18.90056891101128 238 speed: 93
146.605 16.88397702971895 239 speed: 124
146.801 19.17433243201008 240 speed: 169
147.007 19.963730577477737 241 speed: 113
147.229 20.240299047773505 241 speed: 108
147.517 15.05583730008571 241 speed: 100
147.742 31559.252703241124 241 speed: 164
148.418 37128.63635258097 240 speed: 106
148.667 38204.184489054416 239 speed: 117
148.908 38409.02020700922 236 speed: 127
149.14 38462.93894549755 235 speed: 157
149.377 6928.346035546135 235 speed: 119
149.628 1359.723701181647 231 speed: 134
149.884 290.2100343749618 231 speed: 138
150.111 85.61563919005259 229 speed: 159
150.339 33.1197186336106 227 speed: 36
150.578 23.372053921312883 225 speed: 128
150.835 23.973948956590156 224 speed: 99
151.093 16.95950739500718 223 speed: 140
151.356 15.317627794807043 222 speed: 91
151.609 14.341261806296767 220 speed: 123
151.828 13.915627950193826 219 speed: 100
152.068 10.715494702633325 218 speed: 118
152.297 9.764496686263948 216 speed: 133
152.55 11.592865199098583 215 speed: 128
152.781 12.396745909229253 214 speed: 83
153.03 10.35988363027483 213 speed: 91
153.244 9.646863017506735 211 speed: 125
153.496 11.634583117131593 210 speed: 138
153.713 10.03503844763361 209 speed: 117
153.917 9.101865008675908 208 speed: 179
154.08 8.566713504237537 206 speed: 138
154.253 10.56850358816499 205 speed: 129
154.414 8.913940885648337 204 speed: 153
154.565 8.392564217332778 203 speed: 107
154.75 8.577440317680937 201 speed: 79
154.914 10.95836424456875 201 speed: 136
155.074 8.024214832216513 200 speed: 137
155.215 7.030192096959624 199 speed: 119
155.425 6.718427578763077 201 speed: 75
155.681 7.358208252327744 198 speed: 138
155.915 6.341452525751931 198 speed: 149
156.177 19.020477935869028 191 speed: 136
156.409 32.420624621344096 191 speed: 90
156.662 52.69795308252286 188 speed: 87
156.954 51.58511050729766 188 speed: 134
157.189 50.224922863445485 187 speed: 101
157.46 37.367039663306514 183 speed: 50
157.718 32.52627988508477 181 speed: 169
157.97 18.09189666239886 179 speed: 147
158.202 24.441145189092843 174 speed: 8
158.439 48.423306287829135 173 speed: 64
158.689 55.81829488846643 171 speed: 95
158.954 52.710468126566866 168 speed: 159
159.198 56.212014624671625 166 speed: 123
159.436 56.26733582060404 163 speed: 150
159.693 42.45018241436629 162 speed: 104
159.941 38.72533192838077 158 speed: 152
160.31 46.88627176753515 153 speed: 131
160.604 65.78079729629133 150 speed: 95
160.882 79.53695402911656 150 speed: 49
161.126 71.28262429412837 148 speed: 128
161.406 72.23532395132122 147 speed: 80
161.657 60.39575217710745 144 speed: 87
161.94 39.40135464418024 142 speed: 100
162.373 25.335626615135432 130 speed: 99
162.767 33.551743991400095 126 speed: 93
163.059 161.24121024767533 124 speed: 144
163.349 198.01605749363515 122 speed: 104
163.571 205.607910152827 119 speed: 145
163.8 213.74603865680245 117 speed: 107
164.055 211.45977977924474 117 speed: 147
164.36 91.41592421583503 112 speed: 72
164.653 60.031994395152566 112 speed: 161
164.92 45.07472987671506 110 speed: 133
165.233 33.102525647973124 110 speed: 135
165.529 24.576411658974074 107 speed: 95
165.798 17.678314421165933 106 speed: 170
166.102 12.449349816940348 105 speed: 98
166.393 12.889501946934578 102 speed: 185
166.855 16.75871004837211 104 speed: 138
167.161 16.845565964885573 104 speed: 101
167.604 11.540705225301606 100 speed: 89
168.062 16.72848095313784 99 speed: 124
168.52 18.757565702510988 98 speed: 79
168.828 13.617086319180103 98 speed: 126
169.126 13.324694348994072 95 speed: 122
169.565 18.362758988486 90 speed: 150
170.013 34.08649933308621 89 speed: 54
170.357 37.61449981100048 86 speed: 124
170.677 45.87442940030617 86 speed: 186
171.143 46.9790068209088 83 speed: 133
171.584 75.38948123145111 79 speed: 141
171.899 56.51927764511857 79 speed: 168
172.193 16515.80007872802 76 speed: 173
172.455 19195.770826703832 73 speed: 111
172.751 19681.040508865004 71 speed: 120
173.04 19709.914400310707 71 speed: 120
173.291 19709.135014813593 67 speed: 134
173.587 3243.268296494048 65 speed: 116
173.884 555.6835439883483 63 speed: 149
174.194 72.93468120220835 63 speed: 186
174.474 19.265319559054845 58 speed: 136
174.702 22.33259682524833 56 speed: 123
174.983 28.16337525525259 55 speed: 130
175.238 28.357443416022026 51 speed: 120
175.496 38.6247011010798 49 speed: 75
175.736 38.47965932948161 45 speed: 130
175.963 49.026111390337235 42 speed: 143
176.211 58.2763338144774 40 speed: 132
176.468 65.00045141680755 40 speed: 105
176.815 57.96180390013566 38 speed: 141
177.17 55.880048114951926 36 speed: 79
177.512 39.306492466084855 33 speed: 75
178.019 30.59939718715112 32 speed: 119
178.329 38.24366332011607 29 speed: 85
178.651 46.509754985426525 26 speed: 130
178.952 48.994618859030595 20 speed: 130
179.27 65.77846020808346 19 speed: 145
179.574 64.88346481595218 17 speed: 94
179.883 53.35488650878111 14 speed: 151
180.201 47.835244537206165 17 speed: 151
180.516 40.306761540976 20 speed: 104
180.82 32.21361968110118 21 speed: 108
181.135 31.710683074398638 25 speed: 117
181.46 44.20137953087387 28 speed: 53
181.768 53.47683734006374 28 speed: 108
182.081 79.054301594809 31 speed: 111
182.403 72.21864586985963 35 speed: 155
182.725 83.54714762979788 35 speed: 113
183.054 77.48607698263723 40 speed: 86
183.405 74.95251959831822 40 speed: 126
183.754 60.154573853379006 42 speed: 124
184.072 63.516584777998546 46 speed: 117
184.407 60.10959693345806 46 speed: 120
184.736 65.08726068157418 49 speed: 114
185.074 61.15667670569228 51 speed: 127
185.414 65.65011308430569 57 speed: 131
185.715 77.47811813759785 59 speed: 71
185.958 77.26307876743324 59 speed: 134
186.274 71.26533029893345 64 speed: 114
186.62 74.77954632455913 66 speed: 133
187.181 70.70008073738725 68 speed: 171
187.516 63.81139547637116 70 speed: 135
187.812 60.8970189795176 73 speed: 107
188.139 64.75675174837426 73 speed: 70
188.446 60.116893122435314 77 speed: 98
188.743 57.618838316891015 80 speed: 110
189.046 62.481288576370645 80 speed: 149
189.367 71.13105084054325 83 speed: 152
189.692 69.8371213164412 87 speed: 151
190.007 69.47679029653509 88 speed: 109
190.347 65.27511627936889 92 speed: 155
190.676 68.59631847949836 94 speed: 98
191.033 62.960530748685755 96 speed: 105
191.393 60.87817041224522 98 speed: 153
191.73 60.440784476843476 99 speed: 143
192.089 60.049228494145844 102 speed: 124
192.451 54.068938125941806 103 speed: 148
192.799 47.65872281411077 104 speed: 150
193.153 40.85775914818839 104 speed: 153
193.448 43.14272293511624 98 speed: 176
193.759 66.29170512083083 103 speed: 165
194.056 56.80152957959469 104 speed: 133
194.35 53.179084323641355 104 speed: 80
194.656 49.44984268016276 104 speed: 117
194.97 51.33974565135015 109 speed: 157
195.268 29.05047615066529 109 speed: 81
195.569 26.905369637554283 113 speed: 119
197.38 676.6220725610495 115 speed: 103
197.502 757.707296151782 115 speed: 70
197.626 1222.4360061221273 147 speed: 143
197.85 1303.2483642786528 147 speed: 70
197.999 1308.177207598131 144 speed: 127
198.124 655.645814790768 144 speed: 129
198.249 642.7752213823987 133 speed: 135
198.375 179.41167432645594 132 speed: 163
198.502 94.33102933960782 132 speed: 112
198.633 144.93755732295034 142 speed: 138
198.771 147.87605534173355 129 speed: 113
198.914 140.5151203391257 129 speed: 85
199.034 148.25832180597925 139 speed: 141
199.163 198.51737525850152 127 speed: 143
199.288 149.5472633133539 127 speed: 111
199.409 152.99408233044812 125 speed: 130
199.528 94.27071553902694 124 speed: 86
199.665 70.57247188512365 124 speed: 163
199.783 18.666987432170547 123 speed: 120
199.947 10.488698244506377 122 speed: 103
200.103 4.330572606896521 122 speed: 98
200.232 2.022212944118481 121 speed: 147
200.357 2.623377699020759 120 speed: 147
200.48 2.0397066421605508 120 speed: 124
200.609 2.474128688126617 119 speed: 111
200.73 2.0105178654142857 118 speed: 90
200.858 1.7705411770437072 117 speed: 101
201.036 1.801195184393658 117 speed: 98
201.159 2.770963928147898 116 speed: 107
201.282 3.269147023224068 115 speed: 140
201.398 3.2761956474512077 115 speed: 150
201.539 2.824686250886819 115 speed: 96
201.657 3.7578674103991516 113 speed: 129
201.791 2.91907283631368 112 speed: 95
201.91 2.6193315977665277 112 speed: 90
202.031 3.5999666694456556 111 speed: 79
202.155 3.664489036540379 111 speed: 88
202.279 1.896832319823209 111 speed: 96
202.397 1.7976476428173385 111 speed: 131
202.526 1.1968004395821354 109 speed: 78
202.651 1.8019304859523242 109 speed: 131
202.773 3.252982455406629 108 speed: 56
202.906 4.338993371236824 107 speed: 160
203.031 4.319681993892106 107 speed: 140
203.159 5.11882298783919 107 speed: 125
203.293 3.5871527037368622 107 speed: 74
203.421 2.459803489119066 106 speed: 166
203.539 2.045596276295046 105 speed: 141
203.662 2.04167536741028 105 speed: 91
203.786 2.1843072731507944 106 speed: 166
203.915 3.082915579052308 104 speed: 107
204.041 31.775897722871917 111 speed: 140
204.167 46.07481080361607 103 speed: 132
204.305 50.52918705484483 102 speed: 180
204.437 51.5458810566838 101 speed: 158
204.557 50.781757384000485 101 speed: 80
204.69 53.130496265439895 108 speed: 135
204.821 39.39723185523582 106 speed: 201
204.941 35.346858006317746 106 speed: 114
205.059 33.354586530238706 105 speed: 216
205.18 35.16875450686849 103 speed: 135
205.305 3.8786888306719054 103 speed: 125
205.424 2.667645435071504 103 speed: 195
205.546 3.856263356274365 101 speed: 143
205.669 3.980720262782516 101 speed: 91
205.793 4.179479081804722 99 speed: 153
205.923 4.167635774067558 99 speed: 151
206.047 4.146203509049138 99 speed: 142
206.199 2.5855304286275747 97 speed: 132
206.328 4.118097806335095 97 speed: 109
206.45 5.714880891621552 95 speed: 107
206.581 5.9732366062968945 95 speed: 114
206.714 6.734604252505692 93 speed: 108
206.837 7.5792173179668065 93 speed: 123
206.957 6.8878709626963595 92 speed: 120
207.091 3.1319446794437686 92 speed: 94
207.213 3.233177504631304 91 speed: 117
207.335 2.4682310705725246 91 speed: 138
207.463 2.025082110422114 90 speed: 80
207.601 1.0563069879967217 89 speed: 89
207.722 1.496519565818712 89 speed: 83
207.846 3.8916849705935834 87 speed: 112
207.967 4.236342921369394 87 speed: 74
208.108 3.7807358857394564 86 speed: 76
208.232 4.188766293567105 86 speed: 113
208.352 3.6850542294314272 86 speed: 128
208.486 1.194514725284466 85 speed: 109
208.609 1.5029679724123663 84 speed: 148
208.74 1.5273975392234609 84 speed: 85
208.863 1.5852262585353842 83 speed: 107
208.983 4.348608258308405 81 speed: 130
209.116 4.246249164745861 81 speed: 90
209.24 3.5895778350096865 81 speed: 126
209.359 5.446005027765156 79 speed: 130
209.493 5.18145306984632 79 speed: 65
209.633 2.419067170184144 78 speed: 154
209.757 2.4935518368714034 78 speed: 92
209.878 3.346893333009648 77 speed: 76
210.022 2.3409447655082127 76 speed: 142
210.159 2.1579620738173713 76 speed: 120
210.282 2.6455727217437377 75 speed: 103
210.405 2.277027707299434 75 speed: 130
210.528 1.4578851717238406 75 speed: 127
210.676 0.8948329796213847 74 speed: 86
210.801 1.5049104690802673 73 speed: 136
210.931 2.0303238001079063 72 speed: 74
211.055 3.0888373113600855 71 speed: 111
211.221 3.118788268218982 71 speed: 106
211.341 2.804426186146089 70 speed: 126
211.489 3.800420739862628 69 speed: 155
211.604 2.846556606250781 69 speed: 169
211.738 2.23146940685942 68 speed: 136
211.861 2.938968738257731 67 speed: 117
211.993 3.7619310521790106 66 speed: 148
212.12 2.1755203034498236 65 speed: 86
212.261 2.5739899129462414 64 speed: 127
212.386 2.788374971076755 64 speed: 157
212.573 2.9150998074556314 63 speed: 112
212.699 2.1328197281913233 62 speed: 100
212.836 7.279363119372515 60 speed: 119
212.956 7.55195755707234 60 speed: 61
213.075 7.979433590220951 59 speed: 66
213.195 7.1419493022658695 59 speed: 113
213.316 7.0920560576353155 59 speed: 32
213.436 2.3446566458577855 58 speed: 83
213.575 1.6183004858836743 57 speed: 114
213.695 0.9190708740613533 57 speed: 122
213.819 1.6270281413393217 56 speed: 107
213.943 1.625804108209481 56 speed: 196
214.063 1.1958074867228692 55 speed: 103
214.204 1.461647637551738 55 speed: 120
214.34 3.8728356111126043 53 speed: 81
214.476 3.3970506301065204 53 speed: 96
214.605 5.950039793545123 51 speed: 130
214.725 6.189072643491545 51 speed: 93
214.87 5.918324650078926 50 speed: 94
215.001 3.6156471397895964 50 speed: 66
215.122 4.0562626367935035 49 speed: 139
215.244 1.5264488574328245 49 speed: 120
215.373 1.2908674053435891 48 speed: 139
215.492 2.910661460689939 47 speed: 144
215.615 2.507736553225103 47 speed: 132
215.736 2.4207752976457204 46 speed: 72
215.864 2.4019115951352905 45 speed: 155
215.983 2.781685460142434 44 speed: 110
216.108 1.8790396861856 44 speed: 127
216.234 4.915748155899207 42 speed: 105
216.39 4.48761053463894 42 speed: 163
216.515 4.488899617581521 41 speed: 164
216.637 4.3525131124608105 41 speed: 140
216.761 4.265564808475531 40 speed: 129
216.886 2.1280703543741106 39 speed: 78
217.007 2.8918298045296074 38 speed: 132
217.128 2.9593247892620584 38 speed: 85
217.256 3.151952018606252 37 speed: 134
217.38 2.5196640225805615 36 speed: 149
217.518 1.9497196186580275 35 speed: 92
217.638 4.062668687375299 34 speed: 63
217.785 4.215739557378633 34 speed: 155
217.913 4.418995406333734 33 speed: 105
218.033 4.459762704656171 33 speed: 82
218.153 4.569219543527507 32 speed: 88
218.275 1.4886844965272463 32 speed: 109
218.414 1.2738652032834163 30 speed: 96
218.543 5.151930405296721 29 speed: 122
218.681 5.572495915335045 29 speed: 128
218.802 5.0398525277195425 29 speed: 135
218.927 5.446040438952217 27 speed: 100
219.046 6.178073272280289 26 speed: 121
219.165 2.69893508435342 26 speed: 74
219.286 3.534020794214424 25 speed: 54
219.453 3.623408181010386 25 speed: 103
219.599 3.8414778357901156 24 speed: 73
219.723 3.103147197017884 24 speed: 151
219.849 2.5322958591689093 23 speed: 73
219.978 1.2414949573668779 23 speed: 126
220.11 1.4597461046112996 22 speed: 160
220.226 1.4805201959440806 21 speed: 128
220.386 2.304700549460166 19 speed: 133
220.509 2.712892877861774 19 speed: 134
220.63 3.617121351671914 18 speed: 142
220.783 5689.267566995992 17 speed: 116
220.907 6714.254394638194 17 speed: 150
221.033 6898.678186092965 17 speed: 69
221.156 6923.668669951416 16 speed: 88
221.298 6928.37069782668 17 speed: 132
221.429 1249.9174893474508 18 speed: 88
221.553 226.1834352705957 18 speed: 134
221.693 41.62384869472336 19 speed: 147
221.823 17.644398167553458 19 speed: 139
221.954 14.654512980595545 20 speed: 141
222.077 7.930356427683602 20 speed: 119
222.222 7.752903331598198 21 speed: 87
222.364 9.574640532089273 22 speed: 138
222.488 10.270386280824441 23 speed: 89
222.608 10.520736912451753 24 speed: 128
222.733 10.648347894831826 24 speed: 141
222.868 10.744605882266324 25 speed: 91
223.019 8.86082643072722 26 speed: 132
223.164 10.380851723475677 27 speed: 62
223.289 8.755988994165952 28 speed: 153
223.445 10.1213039279106 29 speed: 142
223.62 9.045623682083164 28 speed: 137
223.782 8.748872775725811 32 speed: 125
223.909 17.998370856144746 32 speed: 135
224.064 19.445465895176277 32 speed: 59
224.199 20.316532060837492 34 speed: 168
224.324 22.551252687209853 34 speed: 109
224.44 23.348896625936582 34 speed: 197
224.584 12.03822782786776 35 speed: 114
224.708 11.869974600601875 36 speed: 110
224.83 11.715390495142472 37 speed: 155
224.95 11.633970660480742 38 speed: 106
225.076 11.430268800300542 39 speed: 144
225.194 14.355717820093696 40 speed: 139
225.313 13.016685255342685 40 speed: 87
225.441 12.458677980203793 41 speed: 179
225.555 12.34983884201904 42 speed: 129
225.679 12.427198370807158 43 speed: 175
225.799 9.380420627814159 44 speed: 104
225.923 10.61973471974252 44 speed: 102
226.042 11.079259174636197 45 speed: 146
226.187 11.152777202154041 46 speed: 107
226.319 11.150690002997107 47 speed: 169
226.462 11.344592974176688 47 speed: 144
226.587 11.264174030625561 48 speed: 70
226.712 10.962344713482459 49 speed: 99
226.855 10.924814839462147 50 speed: 123
226.976 12.780559704757227 51 speed: 109
227.113 11.426599332519588 52 speed: 103
227.233 10.854123143679944 52 speed: 95
227.361 10.64237647886304 53 speed: 109
227.484 10.639018819106454 54 speed: 139
227.614 8.69961759843915 54 speed: 147
227.748 9.757286497254029 55 speed: 93
227.884 10.309300388254211 56 speed: 92
228.043 8.524560507997252 57 speed: 76
228.172 7.290708016671439 57 speed: 84
228.296 8.794371352935308 58 speed: 134
228.447 7.688581755526123 58 speed: 120
228.575 7.069959734105293 60 speed: 87
228.703 9.118365150653089 60 speed: 164
228.825 8.177625595247989 60 speed: 74
228.97 7.568520547067174 61 speed: 123
229.105 7.494718116375731 63 speed: 146
229.232 10.627999492575523 63 speed: 155
229.359 9.150752497818559 64 speed: 90
229.489 13.532045327009827 65 speed: 116
229.622 15.850899510255124 66 speed: 171
229.74 16.391414477539904 66 speed: 142
229.862 13.497006730600365 67 speed: 80
229.984 12.869006891900991 68 speed: 86
230.104 9.545651730637406 68 speed: 120
230.224 7.74768641985093 69 speed: 106
230.349 8.929224735988264 70 speed: 62
230.481 7.723588220741771 70 speed: 123
230.632 7.485042161777949 71 speed: 109
230.753 7.154472101978591 71 speed: 88
230.886 7.082925552742728 72 speed: 125
231.009 7.5301898137665315 73 speed: 149
231.152 7.557466129318653 74 speed: 98
231.272 9.086800013805595 74 speed: 110
231.411 8.366318187734155 74 speed: 144
231.538 6.442257106650274 75 speed: 141
231.667 5.290285368488039 76 speed: 150
231.79 10.345393949226379 77 speed: 161
231.949 12.509312349588694 78 speed: 109
232.079 12.9396907911939 79 speed: 120
232.244 17.72000483103954 80 speed: 135
232.386 17.4006820454249 80 speed: 126
232.513 13.73481054094888 82 speed: 106
232.637 15.33003309712069 83 speed: 90
232.771 15.734200137341677 83 speed: 134
232.893 11.107711576493148 83 speed: 110
233.014 11.433687978916982 84 speed: 122
233.144 9.84216936561097 84 speed: 120
233.276 8.59806391662078 86 speed: 103
233.414 8.32713495849441 87 speed: 135
233.547 9.86269660464359 87 speed: 95
233.666 10.680310278395806 88 speed: 110
233.791 10.922689623557291 88 speed: 136
233.936 11.406545523433891 90 speed: 133
234.06 11.506484879437378 90 speed: 133
234.204 14.699707219498984 92 speed: 122
234.335 13.697339242924617 92 speed: 155
234.465 14.989516184270679 93 speed: 80
234.586 12.690900859978576 94 speed: 108
234.708 14.113983891930737 95 speed: 113
234.859 9.747227578359762 95 speed: 133
234.986 8.594529419422434 96 speed: 120
235.109 10.607580033243044 97 speed: 109
235.239 9.177352944507264 97 speed: 114
235.357 8.626230423584609 98 speed: 144
235.489 10.312896833180066 99 speed: 102
235.611 10.823235710350856 100 speed: 151
235.787 8.807447340342264 100 speed: 153
235.917 10.357191705143599 102 speed: 130
236.044 11.03522594801977 102 speed: 126
236.166 14.594351892717665 104 speed: 96
236.292 15.201943968167745 104 speed: 101
236.417 13.616093368513644 104 speed: 120
236.536 11.263469555814131 104 speed: 143
236.663 9.90699534711296 106 speed: 122
236.812 6.043769667639181 106 speed: 106
236.948 7.448339025360514 107 speed: 158
237.067 28.497618617182525 100 speed: 125
237.191 29.159771289075465 100 speed: 106
237.316 28.63503064533767 103 speed: 123
237.445 31.029823545609553 103 speed: 109
237.561 28.223613865649703 102 speed: 90
237.685 10.361178600650177 104 speed: 129
237.808 10.407648463560848 103 speed: 113
237.964 9.458281766688309 103 speed: 90
238.093 7.940150965260189 105 speed: 156
238.225 8.808959372841073 105 speed: 132
238.344 5.553034750588564 105 speed: 151
238.465 6.089087705386889 106 speed: 97
238.586 11.932050180030636 107 speed: 183
238.712 10.243526293987758 108 speed: 101
238.84 9.8455547050579 108 speed: 136
238.963 11.106135559052742 109 speed: 117
239.081 10.156792018236679 109 speed: 129
239.202 5.910035675450239 110 speed: 95
239.322 5.097224406549769 110 speed: 143
239.442 6.264926971884563 111 speed: 106
239.58 7.096306147458396 112 speed: 144
239.714 9.161917798967437 113 speed: 96
239.838 10.487486722351282 114 speed: 141
239.983 12.812842943736836 115 speed: 113
240.115 11.963900607245805 115 speed: 120
240.253 9.84220351690478 116 speed: 148
240.389 11.600195988444597 117 speed: 140
240.519 12.5162397806183 118 speed: 170
240.646 10.704891949594339 118 speed: 136
240.766 12.057935639170703 119 speed: 143
240.888 14.834007896323763 121 speed: 213
241.017 13.672729871999818 122 speed: 150
241.156 15.927991217990822 123 speed: 74
241.281 16.32881531990511 123 speed: 113
241.41 16.30882709313845 124 speed: 96
241.532 13.731521287233083 125 speed: 93
241.651 14.648444954757625 126 speed: 71
241.77 9.674878474885237 126 speed: 129
241.888 10.447242478365629 127 speed: 156
242.01 9.0196210709749 127 speed: 138
242.14 95.4828682794215 138 speed: 122
242.261 115.9064991916884 140 speed: 136
242.381 147.39031947939685 129 speed: 91
242.511 145.42683757247804 131 speed: 137
242.631 144.67113585327166 131 speed: 87
242.749 136.92609939770665 142 speed: 113
242.869 128.00412604683459 133 speed: 121
242.992 123.52042639870801 143 speed: 110
243.127 168.8457373705211 144 speed: 140
243.246 183.8121516589537 145 speed: 133
243.362 107.91229365316514 145 speed: 130
243.482 95.46523599527944 146 speed: 129
243.601 68.13541743686307 147 speed: 93
243.721 24.23123674768356 148 speed: 85
243.857 14.875967100575508 149 speed: 129
243.978 12.889711252923776 149 speed: 119
244.106 10.267586779775883 149 speed: 159
244.221 11.276154690305606 150 speed: 138
244.339 12.001796051059907 151 speed: 122
244.457 7.160238364999263 151 speed: 128
244.577 7.632322750544532 153 speed: 127
244.694 9.445273932565119 154 speed: 103
244.814 10.442552631507212 154 speed: 138
244.933 11.104932917922726 155 speed: 157
245.05 13.563425769166638 156 speed: 150
245.18 12.50931689641126 156 speed: 100
245.301 11.935175164463786 157 speed: 100
245.425 11.564434070366111 158 speed: 120
245.547 9.350154119190613 158 speed: 178
245.667 6.46035964788445 160 speed: 107
245.787 10.027328943992966 160 speed: 155
245.906 15.255843203848242 162 speed: 106
246.033 13.068181731839491 161 speed: 123
246.163 16.132360779596347 163 speed: 107
246.282 17.169471392298856 163 speed: 196
246.412 14.858409765984149 164 speed: 96
246.53 8.541746596794038 165 speed: 150
246.65 9.95569580668028 165 speed: 83
246.77 8.317824664164586 166 speed: 112
246.89 9.872084025296013 167 speed: 159
247.009 10.441067108974046 168 speed: 71
247.133 9.686946402258945 168 speed: 82
247.254 9.007723325823708 169 speed: 117
247.374 11.442344628563966 170 speed: 101
247.493 9.63932591280837 170 speed: 84
247.643 7.250449880088894 170 speed: 57
247.767 8.914552131297292 171 speed: 155
247.891 8.48283577159524 172 speed: 131
248.01 5.583610317223391 172 speed: 151
248.128 6.709212515542454 173 speed: 75
248.254 9.059146543026431 174 speed: 116
248.373 10.028387452063743 175 speed: 83
248.487 10.118384034245771 175 speed: 82
248.607 8.588670708869833 176 speed: 151
248.728 7.810138455501622 176 speed: 98
248.858 7.422134557202137 177 speed: 114
248.979 5.593719080793301 177 speed: 155
249.097 6.86380915459919 178 speed: 130
249.218 8.825713238292035 179 speed: 83
249.338 10.1910419143296 180 speed: 146
249.462 8.807235977022472 181 speed: 132
249.585 9.752520248227729 181 speed: 78
249.706 9.973263725466602 182 speed: 70
249.826 8.321199086848358 182 speed: 118
249.945 7.120783156749034 183 speed: 83
250.063 6.7774418388190725 183 speed: 111
250.182 5.290294245606319 185 speed: 121
250.303 6.990059285928067 184 speed: 93
250.424 7.309880883691907 185 speed: 99
250.562 7.538079103778769 186 speed: 90
250.68 9.273041929344979 187 speed: 78
250.798 9.646049795817282 187 speed: 96
250.916 7.6520104240194895 188 speed: 139
251.036 7.353178191458085 189 speed: 151
251.156 7.300816453657788 189 speed: 119
251.276 7.411296983316705 190 speed: 104
251.397 9.51474643746756 191 speed: 123
251.522 8.478429778993492 191 speed: 128
251.648 9.704286902166324 192 speed: 120
251.774 8.535463607807667 192 speed: 132
251.894 7.965802989077427 193 speed: 122
252.013 7.612390130119952 194 speed: 107
252.131 7.462661232013144 194 speed: 105
252.248 7.5382196887344435 195 speed: 157
252.369 9.312396059452045 196 speed: 98
252.525 8.233640898524758 197 speed: 116
252.657 7.844357055495447 198 speed: 151
252.779 9.757704038269686 198 speed: 130
252.898 10.740072054471845 199 speed: 147
253.018 11.065492689504644 200 speed: 80
253.139 12.969688248733856 201 speed: 75
253.26 11.641782639248163 202 speed: 79
253.383 11.018754409749283 202 speed: 156
253.528 10.720627704095413 203 speed: 146
253.657 8.74530088773197 203 speed: 113
253.778 7.820934954336917 204 speed: 82
253.899 9.280776793165376 205 speed: 66