0.0 24254.67662951101
1.43 24265.441933735277
3.039 6366.859428115364
4.43 2951.779287484874
6.092 974.6496396155206
8.089 694.5591247288722
9.63 476.14683337752035
10.478 432.2801168622846
11.447 383.57334046799207
12.38 319.0387821083859
13.308 263.66315026572346
14.193 185.03569813188935
15.103 130.184715538746
16.162 153.29293018682006
16.974 131.88830418481757
17.719 111.65243609191103
18.539 115.71716082490843
19.471 124.17618333114547
20.419 85.77041214956583
21.278 116.8553599704368
22.174 140.93544294079555
23.117 151.88722287320755
24.123 156.24497474801254
25.036 166.378993685726
25.947 178.8911312779641
26.87 175.35261241230265
27.826 182.29601893938494
29.077 184.80668669283523
29.985 206.01980592462547
30.927 18186.987302778747
32.329 20955.92232829049
33.433 21491.433925828682
34.492 21630.800697322768
35.582 21666.620837729573
36.516 3757.518256062997
37.718 1028.642196784731
38.792 518.9084007981253
39.805 408.3612882293531
40.793 344.6086075321326
41.734 270.0574588066324
42.709 245.9403207757412
43.659 236.6050458419856
44.604 213.24999399336042
45.566 209.1946694409581
46.547 168.86461254146792
47.487 127.85401988280658
48.413 84.79874549716234
49.348 62.0602629779292
50.253 51.64874952530744
51.27 65.05540508467331
52.12 79.97775251589657
53.004 94.07899002612949
53.83 96.96929936769929
54.829 79.27539384523571
55.976 257.5939658940869
56.999 315.54412353440654
58.031 326.3225538878166
59.061 340.0934261044553
60.108 389.32115617024976
61.09 1027.2453714250737
62.04 981.9020491461498
63.067 949.7708104356279
64.134 1401.345400774096
65.172 1653.7089798472266
66.161 865.5284062490342
67.185 19765.36486840432
68.175 25330.88886790928
69.238 25742.609805640506
70.223 25913.72961243803
71.142 26024.403739993042
72.089 7199.482831043355
72.962 1719.1407296469138
73.949 906.712777809415
74.878 528.518215225334
75.79 449.69823740225144
76.648 389.77360554406306
77.624 321.30440636756543
78.638 264.4978041585818
79.66 185.2998430338449
