0.61 0.0 240
1.22 0.5 239
1.812 14.966193886393228 234
2.4 27.516507351950516 231
3.0 39.36813402461902 228
3.601 56.27728693357638 224
4.219 69.13286843671187 221
4.787 72.2314108138863 217
5.355 73.25265080380132 214
5.928 79.05784835423097 210
6.499 75.75040591887425 207
7.061 74.61978317938416 204
7.632 68.7854764068652 201
8.192 72.06854508485301 197
8.814 67.74915641211935 194
9.404 66.27871084156914 191
9.996 71.08648317115033 187
10.576 78.42865359662898 183
11.173 75.63391489811339 180
11.782 74.68257918070749 177
12.375 79.6962307098476 173
12.958 76.09698012012353 170
13.544 69.1897608125728 167
14.13 72.17767357476747 163
14.719 73.19297450639888 160
15.314 68.20205206044895 157
15.937 71.81134116336793 153
16.592 78.72252077419323 149
17.253 75.73587577852686 146
17.83 80.1982754775448 142
18.419 81.71361117114787 139
19.03 76.91968437114379 136
19.624 81.27315662438426 131
20.235 82.62626458508596 128
20.887 77.61596924762532 125
21.475 81.29529578499272 121
22.04 82.54706046491236 118
22.624 76.74365321964648 114
23.194 74.92121948547371 111
24.026 74.28917857056393 108
24.794 80.35643058357189 103
25.587 95.36895858253223 98
26.51 108.28434830968855 93
27.208 126.00885662013343 88
27.776 137.9441251977461 84
28.368 130.16133914941832 81
28.935 114.57607109498113 78
29.602 96.01898940301531 75
30.19 81.67060285775246 71
30.764 70.88885627032697 68
31.368 67.40034606561903 65
32.045 71.51110536889911 61
32.66 72.92454137867806 58
33.385 73.53960655701846 54
33.99 86.16426908468341 49
34.572 90.20010210169926 46
35.153 91.8950122683574 42
35.742 92.44770751361786 39
36.388 87.21266849727789 36
37.033 78.34120244760088 32
37.608 81.27098358163109 28
38.189 82.41444976905302 24
38.77 82.77927609556986 21
39.346 82.9067504324278 18
39.937 24296.05268667103 18
40.542 27811.57814593576 20
41.133 28416.480395633986 24
41.736 28549.74099999091 28
42.318 28591.404031640104 32
43.01 4384.795513305233 35
43.621 871.7103738303562 39
44.185 261.7705641477895 42
44.748 132.38200362913463 46
45.323 92.01829935751299 49
45.91 80.63871505929274 52
46.478 76.18912108061292 56
47.066 74.7686431255853 59
47.648 74.17251561726675 63
48.243 73.97816295315815 66
48.861 73.90957873876535 69
49.447 73.87938047633116 73
50.015 69.19079628081552 75
50.583 67.04470741091674 79
51.181 66.32849799980559 82
51.772 71.46435983344465 86
52.357 67.89573898081593 89
52.944 76.79263309075822 93
53.543 80.6527880689218 97
54.131 81.9230074360931 100
54.733 76.98188145932492 103
55.321 75.2783923338588 106
55.925 74.53619598398062 110
56.553 68.57785732656346 113
57.146 72.00471050153347 117
57.726 73.16296370294376 120
58.293 79.02066247198186 124
58.895 75.73713655158102 127
59.561 74.61450494987407 130
60.124 74.12726542993927 134
60.717 73.9669208383711 137
61.311 68.4676526175511 140
61.903 71.91022936206109 144
62.498 78.76242300783963 148
63.079 75.74969991444979 151
63.675 80.203496007796 155
64.273 81.71577497817655 158
64.88 76.92049655465594 161
65.488 74.92799483669918 165
66.102 74.28023386853303 168
66.674 74.00586159391115 172
67.269 73.91617506230057 175
67.904 79.32759806480348 179
68.501 75.8458425027946 182
69.082 80.10240483911656 186
69.682 76.11896689154818 189
70.27 80.21079407972044 193
70.868 76.1570304639665 196
71.451 80.22587535131082 200
72.036 76.1623238547879 203
72.62 74.78293884623756 206
73.222 68.8425021531935 209
73.814 72.0908943171982 213
74.408 67.7567386361127 216
75.028 71.70717149339002 220
75.63 73.04951239744403 223
76.223 73.53185373705963 226
76.931 80.08869611964553 231
77.545 88.21124282977894 235
78.147 85.46567265378482 238
78.769 90.07302437162426 242
79.375 172.41766975185143 226
79.985 22860.662110402754 239
