0.568 0.0 240
1.179 98.0 226
1.773 145.00262940860608 241
2.374 148.44319769856185 239
2.969 150.4866883450589 236
3.546 161.78601035015268 232
4.132 75.17429607132087 229
4.727 44.872603283048804 225
5.349 50.063549955291975 223
5.928 63.416646135363294 219
6.499 64.96481124419458 216
7.078 70.92257470548415 212
7.655 67.72138806502431 209
8.25 71.27874975424379 206
8.884 72.94032629277254 202
9.478 79.17547093804217 198
10.07 75.89251642488287 195
10.654 74.77999003173983 192
11.216 79.73652276210377 188
11.795 76.11200259204983 185
12.36 69.1948091676937 182
12.951 72.17953617433761 178
13.552 73.19372177501766 175
14.155 68.20230937022255 172
14.75 71.81143710206888 168
15.335 78.7225595079216 164
15.953 75.7358892001935 161
16.549 74.72102356124415 158
17.146 74.35635230263912 155
17.751 74.19450333807671 151
18.372 68.46409920054755 148
18.963 71.9636440110219 144
19.577 73.14732842240709 141
20.16 79.01426301773151 137
20.738 75.73486696330683 134
21.349 80.05827647222135 130
21.943 76.10346007711615 127
22.535 80.20464839002535 123
23.12 76.15487318817685 120
23.711 74.77999368929045 117
24.313 68.8414734397898 114
24.908 72.09049126249626 110
25.516 67.75660190766514 107
26.126 71.70712173020772 103
26.748 73.04949338984045 100
27.355 78.97419326879121 96
27.935 81.4362753837963 92
28.543 82.23672383209184 89
29.136 82.57577576495353 85
29.736 82.68660524870805 82
30.32 82.73367770778944 78
30.883 77.0334542801813 75
31.485 70.67999411012391 73
32.113 67.75089165183239 69
32.71 72.31153846400525 65
33.296 68.40054287861525 62
33.883 67.07580467023757 59
34.525 76.3948813139626 55
35.141 80.52846603498874 51
35.7 76.3567973766713 48
36.3 80.43200018915235 44
36.885 81.81036359538419 41
37.483 76.95598579316818 38
38.073 74.9402014251593 34
38.675 79.96449136472035 30
39.269 76.16391603162617 27
39.855 80.3595617562188 23
40.426 81.78040365240652 20
41.013 23620.141215305935 17
41.581 26957.13953009645 18
42.144 27505.776053032896 21
42.716 27624.169154092666 25
43.278 27652.407073742193 28
43.862 4124.44156317016 32
44.442 784.9628407726203 35
45.002 235.51689769311676 38
45.582 111.36041623865388 41
46.159 86.47252313259379 45
46.754 72.38470424899836 48
47.346 67.92273600496763 51
47.942 71.70703881035057 55
48.542 78.6803854021972 59
49.118 75.72127268563072 62
49.703 74.71551572109222 65
50.292 74.35407852702792 68
50.88 74.19365741822317 72
51.449 68.46381718867049 75
52.013 66.53721196160136 78
52.576 65.84803527514735 81
53.145 65.59512800740272 84
53.721 65.48186953364392 88
54.309 65.44428469474686 91
54.889 70.8545325171984 95
55.45 72.72218478521452 98
56.029 78.8398072847475 102
56.608 75.67294614871471 105
57.189 74.58901191284612 108
57.78 68.7747104720203 111
58.369 72.06432403327187 115
58.959 67.74772417384939 118
59.571 66.27819078818186 121
60.235 71.08628501101214 125
60.81 78.42857292270509 129
61.388 75.63388687070079 132
61.97 80.15973641982804 136
62.623 76.96902848416086 138
63.197 75.48580298900967 142
63.764 74.89196728491248 146
64.374 74.70101343814508 149
64.979 69.15688238037961 152
65.575 77.33184607114387 156
66.183 80.88757954950536 160
66.778 76.47914515838377 163
67.386 80.4778728759538 167
67.994 81.8293238679324 170
68.571 76.96309619101606 173
69.235 74.94264664765973 177
69.809 74.28594324344638 180
70.386 74.00781370029247 184
70.952 73.91690179412646 187
71.55 79.32789294889662 191
72.144 75.84594680004274 194
72.72 74.65767971297964 197
73.284 68.79872769153712 200
73.87 72.07373948233655 204
74.465 67.75091877486767 207
75.082 71.70505325283332 211
75.655 73.04870330200086 214
76.245 78.97386949206039 218
76.88 81.43616025026554 222
77.489 82.23667792094048 225
78.085 77.09310844426545 228
78.68 80.68099031754357 232
79.278 76.4626806284962 235
79.859 69.3124851017565 238
80.445 66.8836761394065 241
81.032 24739.928443656372 242
81.619 28407.567716285455 239
82.201 29042.42063205774 235
82.811 29165.155921717436 232
83.398 29195.07389270701 229
83.99 4537.010906460362 225
84.555 868.802838247158 222
85.141 233.76132066185818 219
85.727 116.37826749049756 215
86.291 88.30769366979861 212
86.882 78.56295444551363 208
87.471 75.57448348604287 205
88.049 74.5498744882897 202
88.635 74.10460095119501 198
89.214 73.9580151397049 195
89.794 68.46460646681265 192
90.365 66.57058434527924 189
90.946 71.18988495309637 185
91.509 67.44989287447967 182
92.093 66.1698711437041 179
92.696 71.0449847390909 175
93.273 78.41175490993459 171
93.864 75.62804358581444 168
94.463 74.6803644027714 165
95.048 79.6953141047002 161
95.647 76.09663831348861 158
96.227 74.62226781816145 154
96.823 74.14490888615492 151
97.413 73.97698423997612 148
98.009 73.90314894358178 144
98.594 73.87876524983066 141
99.2 68.43748919555146 138
99.829 71.89901316513696 134
100.416 78.75789941849746 130
101.001 70.9450577280816 128
101.587 68.13628174034474 125
102.18 72.32028601520665 121
102.771 68.44253377318309 118
103.384 66.84906185142134 114
103.967 71.13576444347963 111
104.555 78.18094543297913 107
105.116 75.43821968669735 104
105.694 79.9400657218199 100
106.257 76.06189178977726 97
107.013 80.18816912737208 93
107.683 81.86568022747666 89
108.343 88.22545038451602 85
109.232 97.6100932957104 80
109.878 106.73584375694233 76
110.562 104.26667028355402 73
111.172 103.28066790757008 69
111.76 97.14598371928105 66
112.985 110.23808220126725 59
113.617 114.45156875613375 55
114.629 137.41788767229139 49
115.212 138.65997110338995 46
115.786 144.89148928564978 42
116.403 119.11869812150556 39
117.003 110.16803791420838 35
117.596 85.71142422158817 32
118.222 83.84867396848924 28
118.851 83.13466461138756 24
119.44 82.9081531217208 21
120.036 77.33022356918406 18
120.629 24737.15401885014 18
121.204 28402.51633664621 21
121.784 29031.197477617716 25
122.359 29151.90835521447 28
122.949 29190.733332890373 32
123.546 4540.144846985145 35
124.125 878.3598726106875 39
124.735 245.09797240251558 42
125.303 122.87084755727003 45
125.939 88.8810623080494 49
126.539 79.40254958718891 52
127.132 75.7218225624782 56
127.76 74.54933297754025 59
128.346 79.58361286823188 63
128.975 81.65240265922573 67
129.571 82.32281106232777 70
130.191 82.60631825494697 74
130.783 82.69894877669253 77
131.491 77.28800962770674 80
132.101 75.05423643320071 84
133.395 74.32939897751463 87
133.997 105.74758099663634 95
134.588 121.73484648482751 99
135.179 126.72270324472096 102
135.756 128.79085443758433 106
136.346 135.27054044984044 110
136.927 95.42523789024152 112
137.491 76.44222716453869 115
138.066 75.5812927230994 119
138.663 69.60609767563558 122
139.267 67.2014438113375 126
139.831 71.27886131939209 129
140.403 72.80014956735064 132
140.99 73.48612998520258 136
141.578 69.035908708615 138
142.173 66.99179312965211 142
142.789 71.88128234366245 146
143.371 73.53095147984439 149
143.95 68.77975584000122 152
144.544 77.16416714287215 156
145.143 75.14221668233047 159
145.73 68.867654518304 162
146.311 66.71976439400795 165
146.891 71.24973817443131 169
147.477 73.13445948795311 173
148.051 73.74741101340172 176
148.632 73.96347172621802 179
149.22 79.39742201801323 183
149.85 75.98541092534477 186
150.437 74.58478382438422 190
151.02 74.1310415844284 193
151.597 73.97138327119953 196
152.189 73.90117446790659 200
152.752 73.87798768212363 203
153.337 68.43722304064238 206
153.925 71.8989141799073 210
154.505 73.0809613516472 213
155.097 68.16346301308747 216
155.696 71.79695009344769 220
156.297 73.03990155779175 223
156.888 73.57949694990798 227
157.469 73.75708333015854 230
158.075 79.26298590268613 234
158.736 75.82298341430204 237
159.314 80.09331930848833 241
159.91 64.96622368342989 241
160.523 24731.93497374898 240
161.108 28398.364139915924 237
161.707 29032.941262706223 233
162.292 29167.0790747509 229
162.868 29209.71724203257 226
163.45 4550.562533851383 223
164.015 881.2641865476276 220
164.597 251.2521191427919 216
165.158 113.21248143585596 213
165.747 80.4015354644761 210
166.335 76.10970086371695 206
166.929 74.73806201209898 203
167.504 68.73054735003602 200
168.102 72.00783320573223 196
168.69 73.12476970068485 193
169.274 68.17855972397852 190
169.855 71.80258084929527 186
170.434 73.0421702352338 183
171.016 73.58028102699016 179
171.581 73.75737656767643 176
172.143 73.8201345634234 173
172.717 68.5048175553701 170
173.305 71.95835613935579 166
173.901 73.37643534052634 162
174.507 69.03734883834993 160
175.081 72.51608618569566 156
175.662 73.73766297861532 153
176.247 74.27435575101799 149
176.83 68.78687465382299 146
177.402 77.18063997390036 142
177.986 70.36498449784779 140
178.547 72.93555200715937 136
179.119 68.43491456699522 133
179.72 66.89181487765187 130
180.28 66.221208426224 126
180.874 70.71459870231416 123
181.441 67.33901126590656 120
182.01 66.1505077463516 117
182.587 71.02079829962264 113
183.179 67.39203819156552 110
183.767 71.57417231162295 106
184.356 72.99867221296276 103
184.938 73.51105852036798 100
185.498 73.73856687852984 96
186.074 73.81389613954248 93
186.798 73.8460938615517 89
187.649 79.56796760925545 85
188.504 94.11606398748697 80
189.402 106.90631863810455 75
190.266 124.55554066452709 70
191.128 138.47873241295508 65
191.967 150.8686426250532 60
192.743 155.85093225493458 55
193.568 150.28816427477358 51
194.42 148.10374914920135 46
195.316 147.27394669800046 41
196.211 146.9624202467593 36
197.081 155.2992226614265 30
197.915 165.7660423177261 25
198.774 169.7703270849584 20
199.699 23678.502764484474 17
200.527 27336.570649098805 22
201.344 27945.506325579994 26
202.18 28099.5683204646 32
203.032 28141.669910306806 37
203.837 4638.94378430791 41
204.713 983.0764906357138 46
205.536 366.50265362114226 51
206.353 209.70438569519254 56
207.203 166.59808803714458 61
208.065 161.72647373920591 66
208.914 159.95122347607006 71
209.787 145.34862175309686 74
210.648 147.16453166952718 80
211.478 147.83413608610476 85
212.338 148.08276260723136 90
213.118 148.17531952463804 95
213.984 162.15622395787227 100
214.822 160.10930473614454 105
215.613 151.88038125608827 109
216.44 148.69649809307606 114
217.246 147.4932924907522 119
218.06 139.6216229585203 123
218.947 136.55730721809695 128
219.79 135.54369122826532 132
220.607 143.1741517716966 138
221.447 138.31096713947588 142
222.24 136.66909721072528 146
223.105 135.99072190541096 151
223.912 143.0549771828612 156
224.91 137.79349370422278 161
225.819 152.00328383009133 167
226.737 164.44198950621794 172
227.979 187.47620439649023 179
229.051 204.82741739747587 185
230.231 241.35046159358092 193
231.072 244.94658189172137 198
231.908 238.19688658772444 202
232.69 217.45132540033106 207
233.533 200.97672808015693 212
234.358 157.33654681207094 216
235.168 142.5167574072095 221
235.995 145.1757295811743 226
236.801 146.19281254498318 231
237.646 146.57560463008076 236
238.492 146.70082488252862 240
239.355 24406.634675672234 242
240.158 28089.29710127275 238
240.999 28747.319748750306 233
241.904 28893.25700819184 228
242.777 28941.31567631178 223
243.64 4697.549050303638 218
244.501 1020.6646271352129 213
245.364 364.7615710449513 208
246.176 219.6097761519128 203
247.075 179.30852322036893 198
247.896 166.20319244486512 193
248.717 154.10722845486663 189
249.583 157.61964646793857 183
250.403 151.1812056618972 179
251.194 148.71280073190306 174
252.048 147.78302118248592 169
252.956 154.91171318313522 164
253.771 142.12636217304816 160
254.589 144.99212130449072 155
255.454 146.11242037800784 150
256.333 146.53732738897145 145
257.147 146.69675621040332 140
257.985 146.74885508686498 136
258.819 146.7700496188299 131
259.667 146.778198032428 126
260.547 146.78127038747598 121
261.363 139.32927550485823 117
262.204 143.89460861272232 112
263.091 145.6985471839355 107
263.953 146.38529502057858 102
264.792 155.09622756309287 96
265.678 165.68523400867704 91
266.5 169.7392709747913 86
267.35 171.26555224087926 81
268.165 164.34511888827262 77
269.038 153.19970187947794 72
269.877 149.14081076288733 67
270.775 140.21912455305565 63
271.639 144.8465078182214 57
272.509 154.02045557007585 52
273.313 157.5475063721114 47
274.065 151.37324830965264 43
274.861 156.3854318578309 38
275.706 150.28730501621106 33
276.511 148.05472706626796 28
277.288 139.7741253221328 24
278.171 144.07031669082323 19
278.978 24352.29890559462 18
280.518 28379.747495395703 26
281.431 29132.07235365946 32
282.357 29323.413324341225 38
283.301 29375.7544063976 43
284.284 5219.846021337501 51
285.254 1209.2514087733393 56
286.256 462.84168163667135 61
287.248 281.1087935051555 66
288.387 261.15913494205313 74
289.395 231.13525749700366 80
290.359 222.0678268873557 85
291.926 272.8423107707139 95
293.611 350.7843565365454 105
295.082 335.3945301178701 109
296.087 320.84913953504116 114
297.011 315.9261378678751 119
298.628 300.52292138385945 128
299.555 224.8766837662759 132
300.413 221.07029566098905 138
301.298 211.86576650648055 142
302.186 201.1736828478256 146
303.028 156.80024740060722 151
303.945 151.17586631067178 156
304.786 140.44003546908064 161
305.693 152.9709580345845 167
306.656 164.83343070854437 172
307.557 187.62792714774193 179
308.468 204.88621659083086 185
309.33 241.3741859073521 193
310.198 244.9554612784956 198
311.204 238.20060406691917 202
312.09 217.4527070401357 207
312.997 200.97726827022404 212
313.823 157.33671252135434 216
314.645 142.5168112666636 221
315.539 145.17575008946574 226
316.398 146.19282010488354 231
317.291 146.5756072907743 236
318.185 146.70082593772133 240
319.063 128.460777615513 242
319.931 24803.33712245972 238
320.769 28633.425933441536 233
321.694 29314.950173258134 228
322.619 29472.74080399461 223
323.673 29535.555333514814 218
324.685 4875.310057690245 213
325.655 1050.4000226649366 208
326.609 370.76827152064675 203
327.502 221.1431419294659 198
328.453 179.7820607617922 193
329.371 158.88236196069252 189
330.303 159.35826406236689 183
331.248 151.81988052412947 179
332.214 148.94620573632795 174
333.137 147.8659939359979 169
334.162 154.94575790926658 164
335.108 142.13787026329638 160
336.111 144.9966017335111 155
337.079 146.11410536952727 150
338.08 146.53794574352227 145
339.049 146.69697348105709 140
339.98 146.74894119308172 136
340.878 146.7700823464524 131
341.851 146.7782102357716 126
342.775 146.78127485182264 121
343.747 139.32927706903288 117
344.739 143.89460923133464 112
345.722 145.69854741785073 107
346.705 146.3852951065901 102
347.927 155.09622759338782 96
349.166 165.6852340207439 91
350.33 169.73927097942962 86
351.25 171.26555224266002 81
352.273 164.34511888897453 77
353.247 153.19970187972513 72
354.148 149.1408107629766 67
355.061 140.2191245530877 63
356.019 144.84650781823225 57
357.076 154.02045557007995 52
358.022 157.54750637211288 47
358.96 151.37324830965306 43
360.001 156.38543185783092 38
360.984 150.2873050162111 33
361.928 148.05472706626819 28
362.966 139.77412532213265 24
363.854 144.0703166908233 19
365.955 23479.62287143193 18
