0.027 0.07617771908618867 37 speed: 160
0.181 0.23888148531077538 37 speed: 163
0.323 0.4266196952245971 37 speed: 153
0.471 0.6345606318917397 36 speed: 92
0.614 3.5667214404260856 34 speed: 42
0.761 5.125292694009891 33 speed: 140
0.904 5.155974034238738 33 speed: 58
1.046 5.589817524594145 32 speed: 113
1.194 5.393692573851185 32 speed: 131
1.338 2.48414528089022 32 speed: 115
1.486 2.447121428565387 29 speed: 155
1.638 3.493627215474927 29 speed: 126
1.785 3.9640166330892685 28 speed: 129
1.935 5.131688459675877 27 speed: 88
2.079 6.307696376195121 26 speed: 93
2.226 5.901755307967229 25 speed: 97
2.368 4.700770383688682 24 speed: 154
2.516 3.982329171048361 24 speed: 157
2.662 3.6719720442872044 23 speed: 71
2.806 3.372332946372699 22 speed: 141
2.946 2.990993798767566 21 speed: 173
3.089 3.8610952374705647 20 speed: 130
3.235 3.5152157163527256 19 speed: 138
3.388 4.804265673810629 18 speed: 113
3.537 5.398757364560549 17 speed: 113
3.704 245.10742728969444 16 speed: 62
3.846 270.20120236524053 14 speed: 92
3.991 275.710840027069 14 speed: 120
4.136 277.2931108844979 15 speed: 86
4.281 279.10165853135396 16 speed: 121
4.428 39.55071009209859 16 speed: 128
4.579 15.594283875143347 18 speed: 129
4.73 15.731540519385204 19 speed: 110
4.873 13.430651115722979 19 speed: 115
5.031 10.794449951168318 20 speed: 182
5.441 11.459196970369415 22 speed: 81
5.613 24.871659645678154 24 speed: 123
5.82 22.933177714780573 25 speed: 162
6.013 32.70769365035653 27 speed: 86
6.244 37.72626859705669 28 speed: 104
6.474 40.093315607896656 29 speed: 117
6.697 36.223806945984435 32 speed: 102
6.918 35.292816876887805 32 speed: 141
7.066 26.90332498403813 33 speed: 105
7.246 23.81021770987299 34 speed: 62
7.454 22.934390497313863 35 speed: 172
7.608 14.426947528491635 36 speed: 126
7.794 12.54617186666064 37 speed: 130
7.988 14.613558244800878 38 speed: 126
8.14 13.329630093885 39 speed: 124
8.327 15.411355604859452 40 speed: 122
8.529 16.2592664147424 41 speed: 132
8.682 18.655240853792446 42 speed: 112
8.859 16.842111396191775 43 speed: 112
9.053 18.35770979107281 44 speed: 85
9.203 13.963027930301394 45 speed: 113
9.383 14.917647755744394 46 speed: 140
9.574 13.018591298593453 47 speed: 153
9.727 15.390038520302777 48 speed: 141
9.932 16.89237635120546 49 speed: 176
10.115 22.767155666227108 51 speed: 69
10.355 22.272335428447207 52 speed: 123
10.557 24.37875906959722 53 speed: 117
10.711 19.910377894312784 54 speed: 117
10.895 20.240682436398522 55 speed: 87
11.088 17.19506520883947 57 speed: 119
11.238 15.969880053530442 57 speed: 105
11.441 15.798299150984104 59 speed: 168
11.618 17.90373256144082 59 speed: 111
11.771 14.096592543325094 60 speed: 106
11.958 15.250996372647872 61 speed: 123
12.17 15.930898252600658 62 speed: 142
12.322 19.70549669107062 64 speed: 148
12.524 20.907497368052365 66 speed: 88
12.696 27.25601833449797 67 speed: 128
12.848 24.266323394522832 67 speed: 125
13.035 23.117232955833636 68 speed: 164
13.216 18.64631291826827 69 speed: 84
13.371 20.886283201605234 71 speed: 162
13.549 15.317909159865206 71 speed: 117
13.733 16.077310870034573 72 speed: 157
13.891 16.234630955774417 73 speed: 128
14.076 16.642357393303552 74 speed: 143
14.247 13.526967611852962 75 speed: 184
14.398 19.130404371721987 77 speed: 187
14.58 18.37839946468891 77 speed: 125
14.773 21.226413407605126 79 speed: 134
14.926 21.949087268564778 81 speed: 85
15.105 25.661965105775604 82 speed: 151
15.279 20.266094898059578 83 speed: 135
15.424 23.921759072152046 84 speed: 103
15.6 19.744655255195397 85 speed: 146
15.769 21.51210124154916 86 speed: 144
15.917 15.845010556539577 87 speed: 126
16.089 19.083209744821623 88 speed: 89
16.266 17.409699212145537 89 speed: 119
16.413 16.941267561277908 89 speed: 121
16.583 13.404083344022453 90 speed: 113
16.755 14.663357984304909 91 speed: 149
16.905 12.591773137863143 92 speed: 142
17.073 11.827974589065196 93 speed: 126
17.249 13.99676697326612 95 speed: 156
17.399 18.278062480074183 96 speed: 95
17.561 19.718556706515237 97 speed: 109
17.756 19.889157300174098 98 speed: 74
17.909 17.71629124743849 99 speed: 103
18.072 19.364243436409332 100 speed: 132
18.259 14.170862582798595 100 speed: 72
18.41 12.161487988902236 101 speed: 133
18.615 9.585670932639069 102 speed: 91
18.855 10.518595582453857 103 speed: 127
19.113 15.277428449961322 105 speed: 89
19.467 16.41988695175344 107 speed: 113
19.73 20.167760168982362 108 speed: 120
20.067 23.328014189100834 110 speed: 70
20.369 28.075031869886484 111 speed: 87
20.703 26.81122365946304 112 speed: 131
21.008 29.380232739042373 113 speed: 106
21.456 30.897851877030362 117 speed: 121
21.909 35.66600222267035 119 speed: 106
22.075 43.67527863589417 120 speed: 115
22.286 38.791368002687506 120 speed: 152
22.433 40.70412755697738 122 speed: 127
22.648 34.81324956220062 122 speed: 83
22.838 28.569201804410888 123 speed: 114
22.984 19.932926058664385 125 speed: 119
23.157 17.894242419956765 125 speed: 104
23.345 13.025816355947565 126 speed: 37
23.497 14.13163885016698 127 speed: 147
23.678 12.507883911229632 127 speed: 75
23.869 8.358072988899348 128 speed: 111
24.025 9.47052182276382 130 speed: 143
24.214 10.443948232095462 130 speed: 126
24.41 10.744407100313538 132 speed: 121
24.559 17.02310337817209 133 speed: 188
24.742 19.665013696579 134 speed: 113
24.944 20.602713885673808 135 speed: 111
25.091 20.932314825665777 137 speed: 115
25.277 21.271616458015643 137 speed: 154
25.462 17.568754767971495 139 speed: 141
25.622 16.360118753927193 139 speed: 137
25.814 19.53206351285768 141 speed: 139
25.992 20.80510455527411 142 speed: 131
26.143 18.706103516302612 143 speed: 114
26.312 20.530345925754062 144 speed: 118
26.506 21.178040804989976 146 speed: 127
26.662 18.005223413317037 146 speed: 145
26.858 14.515916854868099 147 speed: 110
27.105 18.045240518282263 149 speed: 97
27.311 20.42355810994686 150 speed: 130
27.465 21.06375908978517 151 speed: 101
27.624 21.236622066829312 152 speed: 133
27.868 21.308747517210854 152 speed: 120
28.046 21.45009399043538 154 speed: 107
28.202 17.59914378119302 155 speed: 100
28.373 16.84743032665009 156 speed: 198
28.555 14.187354157230393 157 speed: 111
28.71 18.419780723224754 158 speed: 163
28.894 14.781699132829264 158 speed: 77
29.114 16.30581882453828 161 speed: 121
29.337 16.2311898527188 162 speed: 96
29.554 22.004586310713048 164 speed: 121
29.706 21.221024795294117 164 speed: 130
29.903 21.12238991338886 164 speed: 94
30.109 21.06595108801377 166 speed: 125
30.263 21.13745575771904 167 speed: 110
30.455 15.336192072006885 169 speed: 103
30.65 15.914878094003544 169 speed: 140
30.801 18.59553708209671 170 speed: 119
30.977 16.96874814902108 171 speed: 138
31.18 16.23189579710126 173 speed: 90
31.328 18.273205222654003 173 speed: 125
31.517 14.132585021511547 174 speed: 130
31.724 14.949853799139051 175 speed: 89
31.878 18.788057685127228 177 speed: 117
32.073 17.472565897819404 177 speed: 93
32.284 16.83210815022357 179 speed: 118
32.506 18.76576861517041 179 speed: 141
32.73 16.99767771847843 181 speed: 104
32.958 15.95276714495812 182 speed: 113
33.195 18.319458675048764 184 speed: 96
33.414 19.303701855968022 184 speed: 112
33.648 19.520530023416704 186 speed: 106
33.867 22.79689105545838 187 speed: 84
34.027 20.64364139648022 188 speed: 105
34.21 17.642726421291606 189 speed: 100
34.411 16.209942613078393 189 speed: 96
34.565 15.818764636445927 190 speed: 148
34.753 12.367283954286252 191 speed: 86
34.995 11.063497684771457 194 speed: 105
35.19 15.895702394046323 194 speed: 77
35.354 15.530863352664733 194 speed: 135
35.632 15.376414396778305 195 speed: 154
35.838 19.011390164562286 197 speed: 146
36.029 24.6663579433081 199 speed: 148
36.232 23.384965145042294 200 speed: 73
36.381 23.064679278161222 200 speed: 125
36.575 22.713165468433687 202 speed: 120
36.783 19.368069772809406 204 speed: 177
36.934 22.219388542606367 205 speed: 144
37.139 20.199607072811418 206 speed: 111
37.345 25.18426962793538 207 speed: 134
37.5 27.16291182973708 208 speed: 110
37.697 25.448794721631778 209 speed: 149
37.924 19.332454162465098 211 speed: 123
38.144 20.373188354491834 212 speed: 87
38.36 20.90658006537879 214 speed: 122
38.576 20.968240759373696 215 speed: 93
38.729 22.95876677520925 215 speed: 80
38.927 18.880452489359456 216 speed: 164
39.136 20.595907927573993 217 speed: 164
39.291 18.34039960852192 218 speed: 208
39.488 15.311686035649618 218 speed: 111
39.717 21.707416474065642 222 speed: 151
39.925 26.04454873570933 223 speed: 131
40.078 28.09796822262971 224 speed: 85
40.277 25.518133116254155 226 speed: 143
40.481 29.781817013642627 226 speed: 91
40.634 23.905525544816523 228 speed: 92
40.861 21.4423276919549 228 speed: 62
41.054 16.980447437221954 229 speed: 111
41.277 15.762364614864428 229 speed: 72
41.506 14.952952393906486 232 speed: 120
41.655 14.753708598957822 232 speed: 106
41.863 12.91360879771992 232 speed: 152
42.062 15.314195356584937 234 speed: 159
42.22 16.049032573650447 235 speed: 135
42.436 17.10732619590395 236 speed: 168
42.626 26.598770818570166 239 speed: 128
42.861 31.713609403122454 240 speed: 104
43.085 27.799543664076527 240 speed: 79
43.295 28.29420346876607 241 speed: 57
43.449 23.060754198277806 241 speed: 51
43.658 31916.021031186912 241 speed: 99
43.888 37548.084458633966 241 speed: 99
44.104 38530.771128704335 241 speed: 156
44.327 38718.366939417276 240 speed: 144
44.483 38758.30872372374 239 speed: 141
44.687 6858.545527803674 239 speed: 106
44.892 1230.2227126670787 236 speed: 166
45.042 250.09416470416164 235 speed: 79
45.241 65.7206510544846 233 speed: 93
45.444 25.79782944223589 232 speed: 158
45.599 20.291545262926697 232 speed: 136
45.805 13.615770778767864 229 speed: 81
45.997 11.553264957826276 229 speed: 106
46.221 7.801563593374704 228 speed: 111
46.376 7.4160157341510375 228 speed: 120
46.568 6.699231054875616 227 speed: 137
46.779 5.33076792051092 225 speed: 94
46.931 7.087807153504766 224 speed: 154
47.133 6.127947877333261 224 speed: 79
47.349 8.72171113735239 221 speed: 139
47.565 10.512045242264872 221 speed: 84
47.716 9.785008352045919 220 speed: 158
47.904 6.226590621222498 220 speed: 84
48.104 11.487231561239522 217 speed: 77
48.258 9.3700447898269 216 speed: 150
48.448 8.448196074243363 216 speed: 102
48.652 8.222264529331609 215 speed: 122
48.804 9.139584413439767 214 speed: 118
48.995 3.5050383750898217 213 speed: 87
49.198 5.161076542982395 211 speed: 128
49.352 5.783175999989442 211 speed: 116
49.557 4.877662559459762 210 speed: 158
49.768 4.303834716243684 210 speed: 137
49.916 10.543115737192903 207 speed: 91
50.115 9.076132296217336 206 speed: 112
50.33 8.562316811271968 206 speed: 98
50.563 9.5634574774319 205 speed: 108
50.767 10.199218546336736 204 speed: 112
50.918 7.170036390350464 202 speed: 127
51.113 8.197969495683619 201 speed: 132
51.325 8.59539617814365 200 speed: 106
51.475 8.79451471370049 199 speed: 99
51.689 7.817077890348669 197 speed: 90
51.889 10.093332332334441 196 speed: 96
52.107 9.029795349133135 196 speed: 86
52.27 7.685030862043651 196 speed: 90
52.47 6.826024522060175 194 speed: 145
52.681 9.443593648174943 193 speed: 123
52.83 5.682506941245253 192 speed: 87
53.037 5.046747974029718 192 speed: 164
53.24 7.4135837463601195 190 speed: 94
53.396 7.244878081239188 189 speed: 100
53.59 11.055428854013925 187 speed: 21
53.787 9.987414967076681 187 speed: 129
53.934 9.9202367764288 187 speed: 141
54.142 7.545540940715556 186 speed: 137
54.348 9.045994089626452 185 speed: 116
54.497 6.1422252091336995 183 speed: 142
54.693 5.879517955353736 182 speed: 68
54.904 8.914188852200748 180 speed: 79
55.058 10.495115330659496 180 speed: 153
55.255 8.847053545543032 180 speed: 142
55.464 5.610237583683788 177 speed: 173
55.613 7.712086794163801 177 speed: 147
55.827 4.8052676011365305 175 speed: 175
56.041 8.683446658024419 174 speed: 119
56.257 11.138241684976572 173 speed: 111
56.405 12.24553539476514 171 speed: 143
56.602 13.266471768846685 170 speed: 124
56.806 14.742611975440665 169 speed: 189
56.977 12.696792718620806 167 speed: 159
57.155 10.566481150430722 166 speed: 83
57.368 11.786873943037874 164 speed: 125
57.591 9.846079714978424 163 speed: 120
57.74 9.585505936238388 163 speed: 101
57.946 7.306088086706946 161 speed: 121
58.141 7.849167371470764 161 speed: 161
58.293 6.206535397974539 159 speed: 100
58.509 7.5939140809692205 157 speed: 167
58.7 7.878201937870509 157 speed: 146
58.916 8.100570170505717 155 speed: 92
59.066 10.760196637149567 154 speed: 110
59.26 9.989919321476576 153 speed: 146
59.781 7.515022247734977 153 speed: 162
59.951 17.097234049619715 149 speed: 88
60.147 19.67075217595238 148 speed: 127
60.294 21.39897932277037 146 speed: 70
60.485 21.70974614138066 146 speed: 111
60.687 22.130866684213622 145 speed: 78
60.834 10.96791908199476 144 speed: 100
61.036 9.064568446940818 143 speed: 153
61.248 5.390980015257879 142 speed: 64
61.467 6.010944075125025 140 speed: 134
61.617 8.205815867615936 139 speed: 162
61.831 8.41779593051368 138 speed: 134
62.026 7.259791563166453 137 speed: 39
62.258 6.6330780075766 136 speed: 103
62.47 6.514871941719266 135 speed: 99
62.71 6.926186511048192 134 speed: 83
62.939 7.034400467100288 133 speed: 106
63.156 8.846308047066017 132 speed: 120
63.382 8.12772299495665 130 speed: 74
63.536 9.779096273198823 130 speed: 98
63.737 6.385917540610213 129 speed: 149
63.944 6.606492204559877 128 speed: 122
64.092 6.848182982545839 127 speed: 117
64.286 6.759798579831789 126 speed: 141
64.483 6.945850432001961 125 speed: 45
64.632 7.097638374031939 124 speed: 77
64.832 9.141276389002876 123 speed: 126
65.028 6.44377050995786 122 speed: 104
65.178 8.911526158180923 121 speed: 95
65.381 6.234893557477572 121 speed: 97
65.576 6.693887154412883 120 speed: 69
65.732 4.0828127962137994 119 speed: 113
65.918 5.948074126925781 118 speed: 125
66.126 3.357930567623449 117 speed: 164
66.277 3.5719102443353794 117 speed: 138
66.47 2.7706572243465732 115 speed: 117
66.666 8.010739570523857 114 speed: 77
66.814 8.145135235579202 113 speed: 153
67.006 9.5072753115516 112 speed: 126
67.21 9.124838169156114 111 speed: 106
67.365 11.518988820084697 110 speed: 106
67.563 6.421491334363716 109 speed: 136
67.755 6.774329402737385 108 speed: 90
67.915 6.684402677395505 107 speed: 176
68.12 7.801155703831887 106 speed: 108
68.309 8.871691855196406 104 speed: 114
68.457 9.049434614970927 104 speed: 111
68.66 6.994021807153587 103 speed: 177
68.87 6.482650064749386 101 speed: 103
69.09 8.271188774156194 99 speed: 146
69.239 6.799050348407291 99 speed: 66
69.439 6.6962085668514195 97 speed: 55
69.648 8.6265538487882 97 speed: 133
69.794 9.470131094957827 96 speed: 88
69.983 6.562268773620225 95 speed: 132
70.19 4.999200302565445 94 speed: 159
70.335 7.643550076952928 93 speed: 99
70.521 5.398426491952179 92 speed: 133
70.727 6.55281837135892 90 speed: 61
70.935 8.225624455712948 90 speed: 103
71.083 9.016560556885887 89 speed: 146
71.271 6.187052282329813 88 speed: 122
71.484 7.908730231526042 86 speed: 176
71.63 6.370054545948294 86 speed: 136
71.822 4.671664531570116 86 speed: 118
72.037 8.714528399734668 83 speed: 124
72.255 10.904379520929703 82 speed: 153
72.402 10.354527097426345 81 speed: 141
72.598 9.106330627136023 79 speed: 124
72.812 14.24323421386905 77 speed: 132
72.961 11.595626102702266 77 speed: 81
73.162 9.580268030627854 75 speed: 112
73.368 10.819486768362454 75 speed: 100
73.516 10.953019139932817 75 speed: 129
73.709 5.735115357299687 75 speed: 123
73.916 4.990310763806564 72 speed: 126
74.065 6.075389037500409 72 speed: 130
74.267 3.5136715015272357 72 speed: 109
74.473 8.425552647905294 69 speed: 146
74.623 10.813519873746582 68 speed: 120
74.847 10.502253082195855 66 speed: 114
75.053 10.427487639398874 66 speed: 120
75.265 11.438179150357904 64 speed: 128
75.416 7.3694856441644685 64 speed: 122
75.617 5.04027998506593 62 speed: 112
75.815 5.604152806577824 62 speed: 137
75.966 5.925323031869419 60 speed: 92
76.157 8.767034149932947 59 speed: 79
76.367 8.177851838720501 58 speed: 88
76.52 11.150303627229183 57 speed: 82
76.713 9.265789341717161 56 speed: 138
76.905 8.367612347304926 56 speed: 108
77.055 4.429782861188851 55 speed: 165
77.249 5.949299907138417 54 speed: 122
77.449 4.319577432988369 52 speed: 121
77.597 7.6279939332301465 51 speed: 120
77.777 7.2305300447831815 51 speed: 157
77.983 9.903812076220715 49 speed: 104
78.129 9.614806483810547 48 speed: 106
78.317 8.336840119593539 48 speed: 116
78.531 7.1268373004592895 46 speed: 122
78.745 8.24246874932143 45 speed: 153
78.896 6.775901622097955 44 speed: 113
79.093 5.153267820543853 42 speed: 107
79.297 7.22477016079222 42 speed: 134
79.443 6.601279760349421 41 speed: 63
79.645 8.815093748873995 39 speed: 144
79.86 8.060683316329126 39 speed: 73
80.018 8.725053307617172 38 speed: 128
80.226 6.543677615491601 36 speed: 144
80.433 7.215393369392065 35 speed: 55
80.665 7.801169372557248 33 speed: 115
80.889 9.46839073924114 33 speed: 118
81.116 9.967699616194286 32 speed: 173
81.34 10.013644757616975 32 speed: 132
81.494 13.266074558702924 29 speed: 67
81.692 9.579235256170694 28 speed: 170
81.901 10.15292349042407 27 speed: 146
82.128 10.736475909690018 25 speed: 80
82.366 14.332783092875879 23 speed: 146
82.6 10.953492374066151 22 speed: 56
82.812 14.596705447354193 21 speed: 111
82.963 12.351240092079651 21 speed: 109
83.155 10.540944563512516 19 speed: 92
83.366 8.949464861025245 19 speed: 122
83.519 7.993462405129879 18 speed: 150
83.739 31418.37033108691 17 speed: 141
83.932 37037.49377481668 17 speed: 169
84.147 38096.11229950383 18 speed: 92
84.299 38307.60047068344 19 speed: 64
84.532 38347.04186633115 22 speed: 133
84.745 6968.858010205102 23 speed: 91
84.967 1361.4699437849615 25 speed: 91
85.187 309.0876719421403 25 speed: 137
85.402 100.37836784563216 27 speed: 206
85.555 66.25728237806602 28 speed: 33
85.755 31.76394829946873 29 speed: 161
85.961 25.361487283724976 30 speed: 141
86.11 27.14890539054 32 speed: 135
86.303 24.183232636464172 32 speed: 103
86.519 23.365668691596515 34 speed: 142
86.735 25.764274023622193 35 speed: 146
86.884 23.4531074031485 36 speed: 117
87.078 16.42756367988441 36 speed: 130
87.308 19.271680196198247 38 speed: 92
87.5 20.320870795437422 40 speed: 66
87.67 17.710716112794994 41 speed: 103
87.835 16.681781165232724 41 speed: 134
88.033 18.359254698733302 42 speed: 109
88.184 16.639772940973508 43 speed: 144
88.36 12.999602721568264 44 speed: 158
88.552 14.681690534337768 45 speed: 158
88.7 15.448484390835205 47 speed: 134
88.877 19.539870299293618 48 speed: 151
89.061 21.053829463445442 49 speed: 136
89.209 21.50945684635169 50 speed: 133
89.368 21.50512220438971 51 speed: 127
89.574 21.28704972604746 52 speed: 98
89.724 17.384389972820205 53 speed: 101
89.885 19.090359510351398 55 speed: 110
90.073 16.996343275984607 55 speed: 122
90.223 16.025603597915733 56 speed: 120
90.387 15.779812287196787 57 speed: 127
90.57 15.699781206909613 58 speed: 105
90.745 12.581798449034238 59 speed: 153
90.908 14.233707938299524 60 speed: 153
91.068 18.328310799544212 62 speed: 110
91.219 17.27347773441853 62 speed: 136
91.443 16.788129681549442 63 speed: 104
91.644 19.575443239396044 65 speed: 114
91.801 20.564016675423872 66 speed: 139
91.98 17.6225129296054 67 speed: 122
92.172 19.42165994080793 68 speed: 167
92.32 20.6284566173411 69 speed: 172
92.486 21.474282873213973 71 speed: 125
92.665 21.492465792599873 72 speed: 100
92.814 19.149444986212938 72 speed: 121
92.994 20.82408857470429 74 speed: 134
93.15 18.71365631257935 74 speed: 135
93.308 14.354058353115997 75 speed: 144
93.471 13.05171736012186 76 speed: 158
93.65 15.021726110466695 77 speed: 146
93.82 12.8596515373881 78 speed: 113
93.976 17.963018161992782 80 speed: 135
94.152 17.303242977891955 81 speed: 138
94.307 19.4693934577647 82 speed: 68
94.48 17.617288664970975 83 speed: 103
94.669 19.858944649269258 84 speed: 131
94.823 14.73259852056559 84 speed: 125
94.995 15.255516026678599 85 speed: 120
95.177 12.704247997619884 86 speed: 101
95.329 14.321520698797782 87 speed: 135
95.483 11.770532659098759 88 speed: 76
95.67 13.036433336646985 89 speed: 83
95.83 13.57836921863842 90 speed: 109
96.01 12.041796321279236 91 speed: 180
96.186 13.939116096471889 92 speed: 100
96.383 12.433466773291455 93 speed: 99
96.531 15.309022551470292 94 speed: 176
96.696 16.39694502677601 95 speed: 106
96.873 18.71171624625928 96 speed: 118
97.021 16.961894100559945 97 speed: 104
97.18 18.752413425099512 98 speed: 115
97.365 16.114802141252085 99 speed: 104
97.519 15.486373650539479 100 speed: 169
97.691 15.441728587074572 101 speed: 152
97.878 13.182565795214654 101 speed: 69
98.027 14.851306156827626 103 speed: 113
98.227 15.754846477344973 104 speed: 143
98.411 15.652202899759505 105 speed: 91
98.559 15.707536201900254 106 speed: 168
98.729 17.988870145888427 108 speed: 107
98.9 16.370807832238658 108 speed: 122
99.057 15.653580201503813 109 speed: 132
99.234 15.313642871553899 110 speed: 81
99.435 14.877281300895742 112 speed: 120
99.584 14.709631614825998 112 speed: 109
99.762 14.55136313938508 113 speed: 107
99.946 12.326508730832698 113 speed: 123
100.098 11.387812862603894 115 speed: 105
100.271 14.09365361588165 116 speed: 119
100.454 12.783855779657632 117 speed: 152
100.602 12.243250149972196 117 speed: 118
100.775 13.964856983583523 118 speed: 97
101.034 17.681333925492744 120 speed: 55
101.202 13.53464151804211 120 speed: 127
101.391 14.164801727180652 121 speed: 106
101.559 14.62696938931664 122 speed: 146
101.731 12.802279349015471 123 speed: 95
101.893 11.506856553706065 124 speed: 66
102.09 13.43074014343184 125 speed: 102
102.257 12.440389299363936 125 speed: 193
102.447 11.600744748554915 127 speed: 80
102.629 15.847154948652772 128 speed: 32
102.824 15.071011491336424 129 speed: 79
102.978 12.645978866228862 129 speed: 114
103.156 11.864568633261417 129 speed: 146
103.351 11.601604118346685 130 speed: 132
103.505 7.160960968371459 132 speed: 116
103.688 12.063603781655265 133 speed: 116
103.877 12.973888162840474 134 speed: 87
104.053 14.922260130633854 135 speed: 101
104.241 15.96465057927784 136 speed: 121
104.413 21.49705667088972 137 speed: 105
104.564 14.92487189664233 137 speed: 185
104.736 15.522758329834256 138 speed: 121
104.924 16.039269604558108 140 speed: 144
105.075 19.331836981160126 141 speed: 85
105.237 14.761409892477959 141 speed: 116
105.423 15.281319952432414 142 speed: 129
105.573 15.616298632215075 143 speed: 137
105.753 15.538093535708168 144 speed: 105
105.938 12.438054285792704 146 speed: 121
106.087 13.65254319098158 146 speed: 80
106.267 12.07773589699273 148 speed: 110
106.467 14.00171162512505 148 speed: 124
106.617 14.702133477218327 149 speed: 97
106.784 15.035642470108328 150 speed: 128
106.968 15.423124718519631 151 speed: 123
107.12 17.90391871610275 152 speed: 156
107.294 16.51805548149096 153 speed: 160
107.484 15.822829894296607 154 speed: 68
107.634 15.639331526045666 155 speed: 146
107.828 18.95635758290819 157 speed: 121
108.036 17.431057126268446 157 speed: 146
108.187 16.742806034751172 158 speed: 164
108.373 14.700212364478901 160 speed: 118
108.598 20.33427309170786 161 speed: 111
108.807 18.978872817065962 163 speed: 126
108.956 25.23047350185511 164 speed: 167
109.158 24.433214864253067 165 speed: 102
109.356 29.027865471276975 166 speed: 90
109.507 24.017721344644187 167 speed: 88
109.678 22.184976600190375 168 speed: 115
109.87 15.175769654875776 168 speed: 135
110.02 18.10732945603384 170 speed: 106
110.215 13.933188043635385 171 speed: 104
110.405 12.487539352929982 171 speed: 142
110.558 14.868743069546962 173 speed: 87
110.759 18.10479347618708 174 speed: 151
110.95 14.40788066649954 175 speed: 107
111.155 18.523945170176617 177 speed: 161
111.307 20.498509271787064 177 speed: 169
111.483 18.766914298239627 178 speed: 183
111.676 21.1933183128395 180 speed: 90
111.826 21.67877018184296 181 speed: 101
112.022 25.975132198023207 183 speed: 108
112.203 24.172323071293807 184 speed: 147
112.351 22.884886067327493 184 speed: 96
112.533 19.09304241421378 186 speed: 124
112.731 20.365290356571744 186 speed: 107
112.884 13.582949820486766 187 speed: 104
113.062 17.243942233190086 189 speed: 97
113.249 16.184991304639734 189 speed: 121
113.399 15.443618447407124 190 speed: 77
113.578 15.470743170401033 191 speed: 170
113.769 13.464673862732564 191 speed: 116
113.915 9.58033848142252 192 speed: 178
114.098 13.61576095560936 194 speed: 86
114.281 15.166298095834152 196 speed: 71
114.427 15.359420258527265 196 speed: 89
114.616 15.368228521833494 197 speed: 105
114.8 14.97341170195052 197 speed: 95
114.953 11.777886770527317 198 speed: 108
115.134 14.086865781738384 200 speed: 117
115.422 12.50491185847255 201 speed: 113
115.575 16.965277794520105 202 speed: 115
115.776 16.46629537154211 203 speed: 102
115.927 19.312726397867493 204 speed: 126
116.107 14.541166586293828 205 speed: 76
116.305 15.027163666560696 205 speed: 88
116.458 12.312072976230677 207 speed: 129
116.633 13.578918293588705 207 speed: 77
116.822 11.4573738650172 208 speed: 172
116.983 13.399685208544366 209 speed: 136
117.184 14.255954094155008 211 speed: 83
117.355 14.471129185559796 211 speed: 99
117.525 14.958732997265368 212 speed: 146
117.682 14.7044733721972 213 speed: 93
117.856 14.566022448782828 215 speed: 131
118.027 14.677644652000895 215 speed: 112
118.186 12.735729409436106 215 speed: 120
118.363 14.72185329644342 217 speed: 155
118.519 15.256846434363379 218 speed: 59
118.669 15.159399348326822 219 speed: 77
118.832 15.135991722427054 220 speed: 115
119.018 15.09320108839033 220 speed: 108
119.165 11.864079631045527 221 speed: 101
119.329 11.058474751509257 222 speed: 144
119.501 8.84730372488239 223 speed: 90
119.649 10.138812937935963 224 speed: 65
119.811 12.910007042462409 225 speed: 137
119.981 12.262456304600477 225 speed: 167
120.138 11.965265482476326 227 speed: 154
120.305 13.909065094687797 227 speed: 111
120.487 12.446028344240684 228 speed: 105
120.637 11.768217886109724 229 speed: 124
120.814 11.429373789480625 231 speed: 114
121.007 14.287372883150818 231 speed: 172
121.171 15.186873029741372 233 speed: 75
121.412 19.13571236786325 234 speed: 120
121.6 20.4768052109348 235 speed: 103
121.775 20.701784454051598 236 speed: 94
121.937 20.266844940111987 237 speed: 86
122.106 20.70846708594135 238 speed: 166
122.255 17.490669614406485 239 speed: 135
122.42 14.260950883322343 239 speed: 132
122.591 17.777288298687697 241 speed: 71
122.739 14.355034721318537 241 speed: 139
122.91 12.604608442156719 242 speed: 127
123.087 9.127608298100155 241 speed: 145
123.247 9.316376617578003 242 speed: 159
123.427 31833.09363821479 241 speed: 121
123.848 37436.902910765115 241 speed: 175
124.045 38517.84011752865 239 speed: 131
124.194 38727.83980255906 238 speed: 100
124.373 38782.589367828274 236 speed: 127
124.598 6967.916297648384 235 speed: 146
124.811 1367.866630916786 234 speed: 62
125.031 289.9237589318229 232 speed: 149
125.2 80.53967400400225 232 speed: 102
125.377 25.427810336062347 230 speed: 121
125.525 15.178619894154908 229 speed: 75
125.695 11.99497954406062 228 speed: 122
125.888 6.95587580557205 228 speed: 88
126.041 6.820283679063209 227 speed: 163
126.215 6.775190431559899 226 speed: 113
126.414 3.3820599265133344 226 speed: 108
126.566 6.5309063544037 223 speed: 134
126.745 6.888250686130852 222 speed: 123
126.94 7.3140686509562585 222 speed: 88
127.088 7.372123403944944 221 speed: 158
127.277 8.20196743723697 220 speed: 150
127.455 4.227433457546381 219 speed: 97
127.609 6.8341854175041306 217 speed: 146
127.79 7.782567314561946 216 speed: 105
127.984 7.073750141005586 216 speed: 107
128.135 6.778558897327824 214 speed: 120
128.313 8.65372720916886 213 speed: 118
128.515 5.731393572414499 212 speed: 145
128.661 6.557547195971695 211 speed: 89
128.827 8.126390074592239 210 speed: 102
129.016 7.635541161187146 210 speed: 157
129.165 4.720025497762379 209 speed: 115
129.338 9.145066166624071 207 speed: 117
129.533 8.646026658935838 206 speed: 132
129.681 8.381531618384777 205 speed: 124
129.869 8.42762078139671 205 speed: 89
130.06 9.00514837633812 204 speed: 107
130.205 5.150112551477722 203 speed: 133
130.402 6.122715142841701 201 speed: 111
130.591 6.175745934454912 200 speed: 185
134.376 7.418472728491887 199 speed: 84
134.504 25177.77608623982 0 speed: 130
134.635 29614.37611923229 0 speed: 135
134.76 30384.511101500626 0 speed: 151
134.905 30518.436041997862 0 speed: 46
135.031 30539.33461884476 0 speed: 108
135.156 5371.562399950718 0 speed: 122
135.281 934.4812605423857 0 speed: 112
135.405 161.1864271484283 0 speed: 125
135.533 25.765605445501397 0 speed: 78
135.658 3.5371060916602644 0 speed: 87
135.786 0.44432650251391204 0 speed: 112
135.911 0.2780087654534092 0 speed: 156
136.038 0.4100329986287557 0 speed: 119
136.172 0.5883022155359738 0 speed: 168
136.299 0.6572343191662573 0 speed: 85
136.423 0.7128328621659759 0 speed: 131
136.566 0.654418521510242 0 speed: 84
136.693 15105.75462022453 0 speed: 124
136.826 20085.97902302274 0 speed: 125
136.976 20955.403143883912 0 speed: 144
137.105 32763.513258119983 152 speed: 67
137.226 38385.00545366048 0 speed: 126
137.349 24261.993828032697 0 speed: 146
137.476 19451.45535272455 0 speed: 100
137.599 18610.070052486215 0 speed: 109
137.726 6805.972555558731 0 speed: 117
137.853 1184.7884601136811 0 speed: 134
137.988 202.57022950009235 0 speed: 124
138.112 32.73974871062197 0 speed: 143
138.234 4.676560067607449 0 speed: 116
138.359 0.6783175440864588 0 speed: 152
138.491 0.33743642880762725 0 speed: 43
138.618 0.4215282031398485 0 speed: 115
138.835 0.4910568758486878 141 speed: 129
139.082 12688.606458223898 0 speed: 162
139.247 16851.933793900225 0 speed: 139
139.446 17577.279289091748 138 speed: 148
139.735 17700.482393702754 136 speed: 143
139.892 28484.364286858792 0 speed: 166
140.05 19921.778386434813 0 speed: 151
140.35 16476.590433132584 130 speed: 153
140.508 24281.854538518102 0 speed: 110
140.664 28303.069516380267 0 speed: 102
140.965 23154.453388407695 127 speed: 187
141.117 19989.703171337806 126 speed: 97
141.277 19427.017555165734 0 speed: 123
141.42 19889.487192308618 124 speed: 114
141.584 19216.327993812003 0 speed: 107
141.892 14129.80733342177 122 speed: 115
142.017 20755.94871901922 0 speed: 73
142.145 21934.886454959447 0 speed: 98
142.268 13175.664165408427 0 speed: 57
142.403 9744.575019659871 0 speed: 58
142.532 9201.940354619983 0 speed: 104
142.659 1615.64913747776 0 speed: 121
142.786 281.11705139259243 0 speed: 166
142.911 47.28443785646902 0 speed: 183
143.055 7.093670471711158 0 speed: 81
143.184 0.9769551190340467 0 speed: 133
143.306 0.38235866716017985 0 speed: 120
143.428 0.5022492790149405 0 speed: 122
143.569 0.5842694137840011 0 speed: 148
143.698 0.7093150455896946 0 speed: 157
143.82 0.7687867265983719 0 speed: 135
143.943 0.8214906251941329 0 speed: 141
144.071 0.8590917375053103 0 speed: 134
144.199 0.8836084428301173 0 speed: 153
144.33 0.8083954525380416 0 speed: 93
144.453 0.7362873199159246 0 speed: 101
144.581 0.7343177905615225 0 speed: 164
144.709 0.7122838210474525 0 speed: 118
144.853 0.6484197750679878 0 speed: 112
144.981 0.6261395529512908 0 speed: 93
145.114 0.6192434264024926 0 speed: 103
145.237 0.5487035463821262 0 speed: 110
145.361 0.4970863432290298 0 speed: 97
145.488 0.47776395786249143 0 speed: 114
145.621 0.4797257124855463 0 speed: 102
145.737 0.5049128853720867 0 speed: 125
145.86 0.639490729265666 0 speed: 199
145.989 0.7633842796021099 0 speed: 151
146.117 0.8857082455945371 0 speed: 164
146.245 0.9525176456644657 0 speed: 119
146.376 1.000104838419901 0 speed: 139
