0.152 0.0583235661753632 242 lat: 23
0.329 0.21135318159848382 242 lat: 23
0.498 0.35340338303121155 242 lat: 26
0.67 0.5771987077115399 242 lat: 22
0.843 2.1204606691688315 240 lat: 26
1.091 3.744743360912655 239 lat: 42
1.274 3.6853473159372343 239 lat: 33
1.443 4.020926733178445 238 lat: 23
1.607 4.6464743379878035 237 lat: 24
1.771 4.0459442472859815 236 lat: 22
1.947 2.433075858851899 236 lat: 26
2.15 4.620381755205501 234 lat: 27
2.316 4.298048793103294 234 lat: 26
2.481 5.924853861274464 232 lat: 25
2.649 6.721855134322553 231 lat: 24
2.811 7.944129659379804 230 lat: 21
2.984 5.705610174667413 230 lat: 26
3.158 5.943171651252198 229 lat: 25
3.387 4.242920379008342 228 lat: 24
3.57 9.193153904237077 225 lat: 29
3.787 8.681420607770892 225 lat: 32
3.99 9.496147794152161 224 lat: 43
4.167 10.106739718180258 223 lat: 27
4.345 12.54233278249033 221 lat: 27
4.547 7.701599878588105 220 lat: 46
4.721 8.217585455216739 219 lat: 25
4.908 8.654123977672711 218 lat: 31
5.085 8.724547610095822 217 lat: 28
5.267 6.644332619125791 216 lat: 24
5.462 5.850580439314353 215 lat: 31
5.627 5.736217613864251 214 lat: 24
5.791 5.408222784575339 213 lat: 25
5.956 4.375355882957987 213 lat: 26
6.12 5.649257550118724 211 lat: 23
6.287 6.075599377056678 210 lat: 25
6.449 4.970683490633019 210 lat: 21
6.618 4.384409570922849 209 lat: 24
6.789 5.09938020262733 208 lat: 22
6.962 5.656005966664677 206 lat: 28
7.129 6.04876929910414 205 lat: 26
7.31 7.348078685408276 204 lat: 39
7.48 8.139489882713626 203 lat: 24
7.671 8.585922624861913 202 lat: 47
7.848 6.722558984914917 201 lat: 25
8.017 5.761891934552193 200 lat: 25
8.223 4.408705162963368 200 lat: 62
8.405 5.603695096545309 198 lat: 31
8.584 5.837175201988228 197 lat: 33
8.754 6.074502855401672 196 lat: 26
8.916 6.428216870050278 195 lat: 24
9.085 7.359326573722885 194 lat: 30
9.249 5.034898922663768 194 lat: 22
9.411 5.610307673398754 192 lat: 22
9.581 5.611551347876867 191 lat: 28
9.745 5.477519481725356 190 lat: 22
9.927 5.493880875365402 189 lat: 34
10.11 6.4310126453115934 188 lat: 33
10.275 5.3449609050489215 187 lat: 22
10.438 7.343906837362462 185 lat: 22
10.603 6.5351343639402835 185 lat: 26
10.783 8.059175575442934 183 lat: 29
11.169 11.065589722803288 181 lat: 227
11.389 11.982279207028421 180 lat: 53
11.604 12.15026969847679 178 lat: 35
11.806 13.608988153950888 177 lat: 50
11.987 14.856247178899094 175 lat: 31
12.169 13.070451182515827 174 lat: 31
12.337 12.795532515772305 173 lat: 22
12.504 10.345245768645707 172 lat: 29
12.684 9.547659550651504 171 lat: 26
12.853 8.877195680039494 169 lat: 23
13.019 6.959238413929107 169 lat: 25
13.192 8.164696329888574 167 lat: 27
13.363 8.764555621455454 166 lat: 24
13.527 9.027635074026154 165 lat: 24
13.693 5.992091555742858 165 lat: 25
13.857 7.648055662375247 163 lat: 24
14.018 6.343803192632314 162 lat: 20
14.182 5.730313430000296 161 lat: 22
14.345 5.411651015444132 160 lat: 24
14.526 8.647599228644928 158 lat: 38
14.692 8.401479440431304 157 lat: 22
14.855 7.039609805813843 157 lat: 23
15.024 6.555566178921888 156 lat: 25
15.191 8.31979018593525 154 lat: 23
15.363 5.1984841572521585 154 lat: 21
15.531 5.7249340655712615 152 lat: 26
15.697 7.14538813638854 151 lat: 23
15.872 7.930006918636536 150 lat: 27
16.044 6.470659866578648 149 lat: 29
16.209 7.527252977857076 148 lat: 21
16.388 6.501394146700262 147 lat: 29
16.59 6.3327382905987095 146 lat: 50
16.766 6.2535600299973995 145 lat: 27
16.93 5.078976628165886 145 lat: 23
17.1 4.388607701130351 144 lat: 30
17.265 3.9720973600110927 143 lat: 25
17.435 3.8021704688642455 142 lat: 26
17.6 3.80367414155577 141 lat: 23
17.77 3.8769658111313223 141 lat: 25
17.932 3.800472978790298 140 lat: 24
18.095 3.0256486185307874 140 lat: 24
18.262 3.618223554624275 138 lat: 24
18.45 3.6119606667260467 137 lat: 23
18.636 4.444903105112669 136 lat: 24
18.944 7.34865260748303 134 lat: 36
19.12 11.806668141520834 132 lat: 31
19.286 10.481041145893283 132 lat: 24
19.449 12.098103030323973 130 lat: 19
19.614 12.743049484655133 129 lat: 24
19.802 9.492883490836283 129 lat: 41
19.985 7.190687143546217 127 lat: 31
20.151 8.421731259789443 126 lat: 23
20.315 6.7975196296118545 125 lat: 22
20.509 6.440390875484391 124 lat: 33
20.673 7.473171897415439 123 lat: 25
20.845 6.196417517770128 122 lat: 26
21.034 5.510039065412684 121 lat: 29
21.21 5.088838375687737 120 lat: 26
21.398 4.7840311837973 119 lat: 36
21.593 6.950804746946037 117 lat: 40
21.761 7.786837907287216 116 lat: 24
21.924 8.09344704275562 115 lat: 23
22.095 8.322740157272655 114 lat: 29
22.263 8.471869414863173 113 lat: 25
22.441 8.48554715564443 111 lat: 32
22.628 7.1188326643288065 111 lat: 33
22.808 6.4783779735717175 110 lat: 31
22.98 6.189929167789099 109 lat: 23
23.15 6.066996971491427 108 lat: 23
23.326 3.920692059580354 107 lat: 31
23.492 4.853695660748189 106 lat: 24
23.657 5.48298970265353 105 lat: 24
23.82 4.798019384790812 105 lat: 25
23.992 4.274151265287209 104 lat: 25
24.158 3.7470886553039207 103 lat: 22
24.331 3.4415390156227295 102 lat: 28
24.495 5.849768404399625 100 lat: 22
24.664 6.156042213878145 100 lat: 25
24.836 5.710594168121963 100 lat: 25
25.002 5.4476139104560355 99 lat: 26
25.173 5.252126418562014 98 lat: 28
25.337 2.3530519603324587 97 lat: 23
25.502 2.914956609895373 96 lat: 23
25.671 6.141823113783891 94 lat: 28
25.836 6.026301496008299 94 lat: 23
26.001 5.94243754661211 93 lat: 22
26.169 6.0141834335432005 92 lat: 23
26.336 5.919023940099498 91 lat: 26
26.509 3.7094489963058255 90 lat: 31
26.676 4.666761591310044 89 lat: 25
26.842 7.485202556920394 87 lat: 24
27.008 6.988384960299372 87 lat: 23
27.177 6.947616782857447 86 lat: 24
27.342 6.888074272385891 85 lat: 23
27.51 6.6314185784526 84 lat: 23
27.679 3.1461687375097793 84 lat: 25
27.845 4.834140579968949 82 lat: 23
28.019 5.299456856034963 81 lat: 29
28.193 5.2513330921865915 80 lat: 24
28.36 5.16298513395871 79 lat: 21
28.535 8.061424161204087 77 lat: 27
28.699 10.834876017572586 75 lat: 23
28.867 9.987609447879196 75 lat: 25
29.034 9.073600191148818 75 lat: 25
29.194 10.496897742917174 73 lat: 21
29.366 7.781923357195329 73 lat: 28
29.53 3.5559741996719847 72 lat: 26
29.698 4.114714256582796 71 lat: 23
29.863 5.151898047257119 70 lat: 24
30.031 2.9480162338895357 70 lat: 24
30.201 5.349447251496368 68 lat: 29
30.367 5.009552412682089 68 lat: 25
30.533 4.025287235787514 68 lat: 24
30.694 3.3481882262797438 67 lat: 21
30.859 3.2613109391745745 67 lat: 23
31.027 2.644770115398796 65 lat: 25
31.198 3.7380476575202426 64 lat: 24
31.386 4.77827921290049 63 lat: 22
31.547 5.666318058345909 62 lat: 21
31.718 6.887267744420304 61 lat: 28
31.882 5.976989768080448 60 lat: 23
32.05 5.5121821523599 59 lat: 25
32.218 5.3831105273561 58 lat: 27
32.385 5.0015915337924355 57 lat: 22
32.551 4.9867303194696 56 lat: 22
32.718 5.116109317981122 55 lat: 27
32.881 4.233967764435894 55 lat: 25
33.051 5.402219091979987 53 lat: 24
33.218 8.83635764987924 51 lat: 24
33.393 8.14194586747087 51 lat: 22
33.56 7.733444802178389 50 lat: 28
33.728 7.72993198869076 50 lat: 25
33.892 5.936711615919328 49 lat: 19
34.059 4.4758549166028825 47 lat: 25
34.226 5.6182992841915995 46 lat: 27
34.411 6.195692019244463 45 lat: 32
34.602 7.552796405520744 44 lat: 35
34.781 8.476386391286312 43 lat: 33
34.945 5.690036072562619 43 lat: 22
35.117 4.496782478821425 42 lat: 27
35.282 3.953493970845113 41 lat: 26
35.446 3.6519716338446746 40 lat: 23
35.626 3.499903552444553 39 lat: 31
35.813 4.4972975451906265 38 lat: 39
35.976 5.350669706305415 37 lat: 21
36.152 5.793381886340134 36 lat: 22
36.32 5.7873245176986865 35 lat: 24
36.488 5.753338857848989 34 lat: 23
36.652 4.7645887157763145 34 lat: 19
36.819 3.9028027511164773 33 lat: 25
36.986 3.35537152717152 32 lat: 21
37.153 2.2982857182326657 32 lat: 25
37.314 6.188232648993488 29 lat: 22
37.484 8.557513364850848 28 lat: 26
37.658 9.600490012357676 27 lat: 27
37.825 10.109098228713233 26 lat: 22
37.994 11.133793156058854 25 lat: 26
38.159 6.322096096793588 25 lat: 25
38.324 6.353295874612371 23 lat: 21
38.489 5.011464936124834 23 lat: 27
38.654 4.411122569950486 22 lat: 22
38.818 4.276313113430031 21 lat: 24
38.981 4.970125483618112 20 lat: 25
39.181 3.5047505182863805 19 lat: 31
39.363 6.4207493451323785 17 lat: 27
39.533 31880.511428874914 16 lat: 29
39.707 37437.95292967802 15 lat: 31
39.873 38440.82210795618 15 lat: 23
40.038 38645.20936701517 16 lat: 25
40.205 38691.01269041692 17 lat: 23
40.384 6831.325867005697 18 lat: 21
40.543 1279.9280541941266 19 lat: 20
40.709 280.31551982339977 20 lat: 25
40.873 75.94752475214817 20 lat: 22
41.057 32.240905801728665 22 lat: 37
41.237 20.814376553415304 23 lat: 33
41.399 17.256837563740255 24 lat: 23
41.584 16.646790585576973 25 lat: 34
41.77 18.918509120232738 26 lat: 35
41.936 20.274818427185817 28 lat: 24
42.1 20.956224606952468 29 lat: 25
42.279 18.793680567172167 29 lat: 29
42.449 24.9273799515029 32 lat: 28
42.617 23.8072537140407 32 lat: 25
42.785 19.77142575887739 33 lat: 25
42.955 18.18747690008731 34 lat: 25
43.118 17.861543656542796 34 lat: 25
43.287 13.370993105030951 36 lat: 28
43.456 14.989072062522464 37 lat: 25
43.618 16.012454287847245 38 lat: 20
43.785 16.458535215261808 39 lat: 23
43.95 18.63076145459248 40 lat: 24
44.113 16.45970446540429 41 lat: 23
44.275 15.413903288834337 42 lat: 20
44.44 12.787307712427067 42 lat: 21
44.608 11.75574999239479 43 lat: 26
44.771 14.389969493306639 45 lat: 24
44.949 15.528306973686327 46 lat: 32
45.144 16.05715470144313 47 lat: 47
45.314 18.395869703048138 48 lat: 24
45.473 19.449441145851953 49 lat: 23
45.676 16.88450212137517 50 lat: 36
45.839 15.851252513272604 51 lat: 22
46.014 15.562042766896905 52 lat: 23
46.195 15.403569229528916 53 lat: 38
46.383 15.312591031881878 54 lat: 31
46.564 18.693517311371895 56 lat: 32
46.734 20.235330324349334 57 lat: 27
46.912 20.816133760826766 58 lat: 27
47.124 20.754844249982494 59 lat: 40
47.298 20.47130319588284 60 lat: 28
47.484 16.77985830690632 61 lat: 23
47.655 15.113446239160421 62 lat: 24
47.823 14.468564036408367 63 lat: 26
47.993 14.466837420327677 64 lat: 25
48.16 12.692005961989016 64 lat: 24
48.327 14.675831273270934 66 lat: 24
48.495 15.206341402832766 67 lat: 23
48.671 15.596445785139933 68 lat: 23
48.836 13.460726888059602 68 lat: 24
49.002 14.509684351589597 69 lat: 26
49.17 12.233150338647139 70 lat: 23
49.335 11.604195020404278 71 lat: 23
49.511 11.11472833868096 72 lat: 24
49.674 13.011633880064464 73 lat: 24
49.841 13.786371233992568 74 lat: 28
50.004 12.101914598597052 74 lat: 22
50.169 11.486258119608877 75 lat: 20
50.335 11.233289520401724 76 lat: 25
50.496 14.279295333153968 78 lat: 23
50.667 12.862772323095411 78 lat: 28
50.843 14.16185001308294 79 lat: 28
51.007 14.444491450179461 80 lat: 27
51.17 12.4951454910427 80 lat: 25
51.337 8.464459497343908 81 lat: 27
51.51 9.648056690967746 82 lat: 33
51.68 10.36774462003111 83 lat: 25
51.849 10.799456646373997 84 lat: 24
52.052 13.159816012127052 85 lat: 34
52.236 14.209890848491543 86 lat: 35
52.406 14.45339654248428 87 lat: 27
52.571 14.483120796948263 88 lat: 25
52.743 14.548375734475522 89 lat: 26
52.912 14.293318448262573 90 lat: 29
53.081 14.283783143105707 91 lat: 25
53.252 14.285513621533346 92 lat: 21
53.428 14.457207074807583 93 lat: 29
53.599 12.452812962146146 93 lat: 25
53.771 14.609025472371851 95 lat: 25
53.94 15.633351802860256 96 lat: 27
54.143 16.105645851240226 97 lat: 63
54.31 15.791711174048483 98 lat: 23
54.492 17.888263589208172 99 lat: 44
54.691 16.01813104765505 100 lat: 34
54.887 15.197097322137903 101 lat: 36
55.064 15.111309039866505 102 lat: 33
55.233 15.331829859696738 103 lat: 24
55.391 18.578649617197286 105 lat: 20
55.556 17.24401692270563 105 lat: 26
55.729 16.63824386658409 106 lat: 25
55.918 19.226582166812403 108 lat: 46
56.153 20.334379486795022 109 lat: 39
56.332 17.9471714847484 110 lat: 32
56.525 17.2094921805215 110 lat: 38
56.701 23.379012771495457 113 lat: 32
56.874 19.599300576185623 113 lat: 24
57.058 16.388478360601752 113 lat: 42
57.238 17.052001673943966 115 lat: 24
57.401 19.769118987858512 116 lat: 23
57.57 14.550864546539842 117 lat: 23
57.737 15.922652838900422 118 lat: 23
57.905 18.316045405312593 119 lat: 25
58.07 20.258344157970566 121 lat: 24
58.236 20.806689204347506 122 lat: 26
58.401 18.651554447916563 122 lat: 23
58.575 20.141361492877138 124 lat: 35
58.741 20.530165160054555 125 lat: 25
58.91 15.2415023144228 125 lat: 25
59.08 13.383791562106957 126 lat: 26
59.243 18.016987599589875 128 lat: 22
59.411 17.195748758689504 129 lat: 26
59.581 16.878404282230548 130 lat: 24
59.759 18.67918103197627 131 lat: 26
59.932 19.41763822713151 132 lat: 24
60.098 16.59544579259828 133 lat: 26
60.266 13.371802335811298 133 lat: 26
60.43 14.746266737446884 135 lat: 25
60.611 12.907564200547268 135 lat: 33
60.793 14.994179410239216 137 lat: 34
60.96 13.214413696621973 137 lat: 27
61.157 14.408684611429688 138 lat: 27
61.323 12.292482052797165 139 lat: 24
61.488 14.088151161138649 140 lat: 24
61.659 11.85326991399581 141 lat: 26
61.853 13.677339109864302 142 lat: 35
62.037 14.447705717671377 143 lat: 34
62.2 18.037460881571583 145 lat: 22
62.37 16.59802836433987 145 lat: 28
62.536 18.8293946012902 147 lat: 24
62.702 16.89677973013934 147 lat: 24
62.881 16.159534835750076 148 lat: 23
63.05 10.734823334140362 148 lat: 25
63.22 10.977610725071429 149 lat: 25
63.386 11.43841870567749 151 lat: 27
63.554 11.828781236947728 151 lat: 23
63.735 11.769278776802771 152 lat: 23
63.906 16.752223892442824 154 lat: 27
64.075 16.322432302999253 154 lat: 26
64.238 12.984020381853377 155 lat: 23
64.398 12.284731815522454 155 lat: 20
64.566 14.656470328862895 157 lat: 26
64.727 12.667073070913393 158 lat: 25
64.892 12.302584923663423 158 lat: 28
65.057 14.71411065309808 160 lat: 24
65.227 17.232619327163015 161 lat: 23
65.395 13.823639356004694 161 lat: 26
65.558 10.4742294880443 161 lat: 25
65.729 14.06556561422546 163 lat: 23
65.898 12.818074183068028 164 lat: 26
66.063 12.528071706934972 165 lat: 22
66.228 14.85463599967286 166 lat: 23
66.394 17.644816743066805 167 lat: 22
66.559 16.065323844495985 168 lat: 23
66.731 15.498006910845554 169 lat: 26
66.899 15.68316206454838 170 lat: 23
67.066 15.443576263098446 171 lat: 24
67.236 18.69210977064393 173 lat: 26
67.399 17.24747938819015 173 lat: 24
67.569 16.63352493002913 174 lat: 25
67.738 16.13087515572744 175 lat: 28
67.898 15.965138802133556 176 lat: 23
68.067 12.371091282190745 177 lat: 29
68.236 13.689411750109553 178 lat: 23
68.398 14.314524173734142 179 lat: 21
68.56 12.45612393273878 179 lat: 22
68.732 11.449062232546884 180 lat: 23
68.896 11.156709810734313 181 lat: 23
69.068 10.907363632128053 182 lat: 32
69.232 8.800085649351436 182 lat: 24
69.397 12.522866902970934 184 lat: 26
69.575 14.011513052420831 185 lat: 26
69.741 14.434221137756488 186 lat: 26
69.931 14.983468418388222 187 lat: 39
70.108 15.134773959905722 187 lat: 32
70.285 15.342886304949047 189 lat: 34
70.446 15.392600340698447 190 lat: 20
70.619 15.628702367035311 191 lat: 28
70.793 13.262017850021431 191 lat: 25
70.958 17.07032853589027 193 lat: 22
71.121 15.962296450610365 194 lat: 24
71.294 13.556755634129074 194 lat: 28
71.469 12.221481595390465 195 lat: 35
71.642 11.981486023605852 195 lat: 29
71.81 7.5004785761001145 195 lat: 23
71.979 11.898174390692931 198 lat: 27
72.145 16.186605410654543 199 lat: 24
72.309 18.006075926612823 200 lat: 24
72.478 20.69075743126267 201 lat: 24
72.644 23.393067072581317 202 lat: 24
72.808 18.53430530381482 203 lat: 23
72.974 16.60669034161916 204 lat: 23
73.146 19.585472822831168 206 lat: 26
73.31 20.486226350785135 207 lat: 25
73.479 18.583464393505402 207 lat: 23
73.656 17.199606382633906 208 lat: 26
73.818 16.167225716753006 209 lat: 23
73.984 12.330145385785453 210 lat: 23
74.148 10528.944009208339 80 lat: 23
74.321 14288.141055327393 211 lat: 32
74.485 15008.677367919292 212 lat: 23
74.65 15177.93824620302 214 lat: 26
74.814 15216.5949205472 215 lat: 22
74.989 4704.262201608247 215 lat: 23
75.152 949.1118902149583 216 lat: 21
75.318 230.32476902354384 217 lat: 24
75.485 61.83249287604872 218 lat: 26
75.674 23.755560697458915 219 lat: 33
75.847 11532.844764638028 83 lat: 27
76.012 15734.8616322368 221 lat: 22
76.174 22366.43135365773 84 lat: 20
76.339 23370.08717087117 87 lat: 24
76.5 23610.91008583057 84 lat: 22
76.666 23285.138840249914 225 lat: 25
76.831 24637.81758389026 75 lat: 23
76.993 25931.125554563678 226 lat: 23
77.168 26472.13668308229 228 lat: 26
77.341 26535.621097524698 229 lat: 24
77.525 15401.546327415866 229 lat: 29
77.723 9852.93952322961 229 lat: 38
77.899 1927.1421619573862 229 lat: 24
78.066 380.20163231731664 229 lat: 24
78.233 72.90097660777765 229 lat: 21
78.397 15.40120538230887 229 lat: 25
78.561 14925.95648521247 75 lat: 24
78.73 17470.059814550983 76 lat: 26
78.896 17883.377990089328 77 lat: 22
79.059 17952.29262350753 77 lat: 23
79.229 17952.10015679952 81 lat: 30
79.4 19327.135984116612 241 lat: 28
79.579 19785.401657050057 242 lat: 27
79.916 30354.220413175317 81 lat: 172
80.086 32218.401019718684 81 lat: 26
80.269 37114.07871425337 81 lat: 32
80.439 21671.104063883762 81 lat: 26
80.617 18851.963651361115 79 lat: 25
80.786 7910.257176511097 78 lat: 20
80.95 5993.8255552229375 76 lat: 25
81.113 1103.5265586383657 75 lat: 23
81.294 250.26882872022512 75 lat: 31
81.489 64.36100211775901 75 lat: 49
81.654 23.103237690084953 75 lat: 23
81.818 6.152449873578201 75 lat: 22
81.985 15932.493099374393 233 lat: 22
82.15 18697.824584427668 232 lat: 23
82.315 19100.44087608251 229 lat: 24
82.487 19173.6194425249 229 lat: 31
82.655 19178.12171092138 227 lat: 25
82.82 3246.5090749805477 226 lat: 25
82.985 480.6946164447949 226 lat: 24
83.154 79.75010225889626 224 lat: 27
83.324 6.65182940089872 224 lat: 31
83.495 2.5353487631571756 223 lat: 22
83.666 3.2579355834754757 222 lat: 29
83.827 3.216324802145212 222 lat: 23
83.999 3.7406541099491033 220 lat: 25
84.162 3.7827152541120297 220 lat: 23
84.331 3.775020610647525 219 lat: 25
84.519 5.969199890744214 217 lat: 48
84.693 7.777651290299708 216 lat: 27
84.855 5.707958397170115 216 lat: 25
85.031 6.18452458166599 215 lat: 25
85.196 8.772985155833968 213 lat: 25
85.359 6.077717483501821 213 lat: 23
85.523 4.858150365804099 212 lat: 24
85.695 4.744803087817507 212 lat: 28
85.867 6.26823083196672 210 lat: 27
86.049 4.3443822427777326 209 lat: 35
86.217 5.057416016298932 208 lat: 18
86.38 5.479368668145714 207 lat: 23
86.545 6.484331969042215 206 lat: 25
86.715 5.195005640170018 205 lat: 28
86.897 4.0378712068936204 205 lat: 29
87.06 7.770887888066673 202 lat: 24
87.228 7.198473831561691 202 lat: 26
87.399 9.039221800753054 200 lat: 25
87.593 9.814688901513415 199 lat: 48
87.76 11.181750738965684 198 lat: 26
87.932 6.5531683824565246 198 lat: 31
88.1 6.795593931920931 197 lat: 25
88.265 4.753232493419118 196 lat: 22
88.431 3.1195062395924764 196 lat: 24
88.61 2.158235846789843 195 lat: 32
88.779 2.858080668439192 194 lat: 25
88.948 3.2666384753927944 193 lat: 24
89.12 3.6048036192124733 192 lat: 24
89.292 4.642781596878267 191 lat: 26
89.466 4.27042015308578 191 lat: 28
89.634 5.511371126329113 189 lat: 24
89.794 4.55070760080685 189 lat: 21
89.964 5.686426086226246 187 lat: 27
90.14 6.200451997093566 186 lat: 28
90.314 7.389245481521517 185 lat: 28
90.477 5.3522506276578525 185 lat: 23
90.656 7.512664993492775 183 lat: 30
90.828 6.797555362107573 182 lat: 29
91.028 6.454239242414762 181 lat: 39
91.249 6.428857694608993 180 lat: 34
91.44 7.507594865410093 179 lat: 34
91.624 6.454213300625016 178 lat: 38
91.793 5.917281402301013 177 lat: 24
91.97 4.720070418376727 177 lat: 25
92.139 5.6822744951771185 175 lat: 25
92.311 4.803049647305755 175 lat: 25
92.477 4.2535131168565075 174 lat: 25
92.656 4.040310544341317 173 lat: 30
92.828 4.930280049858957 172 lat: 24
93.0 3.757337113099756 171 lat: 25
93.174 4.528297246090349 170 lat: 26
93.344 4.742232279331673 169 lat: 28
93.51 5.017126608082886 168 lat: 25
93.705 5.198906293113747 167 lat: 27
93.888 5.2132351919887 166 lat: 25
94.112 5.0985501814789265 165 lat: 28
94.279 5.294596631770794 164 lat: 30
94.451 7.544586850236795 162 lat: 24
94.625 8.001281536156274 161 lat: 24
94.802 8.143510790013865 160 lat: 30
94.978 8.192055551054125 159 lat: 23
95.14 7.972338136808154 158 lat: 27
95.307 7.923300837983886 156 lat: 25
95.487 8.259444504012949 155 lat: 26
95.657 7.212691413503569 155 lat: 28
95.827 6.770757602494802 154 lat: 25
95.993 6.661976863604883 153 lat: 24
96.16 4.267419075242913 152 lat: 23
96.327 3.198655126889013 151 lat: 28
96.494 3.9742719079754947 150 lat: 24
96.656 6.684829054833137 148 lat: 19
96.827 6.149158771671014 148 lat: 27
97.002 7.8023396579342155 146 lat: 29
97.169 8.675673645703828 145 lat: 23
97.339 8.945126872818996 144 lat: 24
97.51 5.762569617648124 144 lat: 28
97.685 7.79101036790934 142 lat: 28
97.856 6.695733728614903 141 lat: 27
98.028 6.269531782425922 140 lat: 25
98.196 6.203946115523941 139 lat: 26
98.373 7.221287238400705 138 lat: 28
98.553 5.988891731207778 137 lat: 23
98.72 5.49515634033914 136 lat: 25
98.895 5.045377113449284 135 lat: 29
99.066 4.779915746814818 134 lat: 26
99.234 4.676131378173068 133 lat: 22
99.405 6.946675192567401 131 lat: 29
99.579 7.830421023727137 130 lat: 23
99.739 8.273948815369629 129 lat: 21
99.946 7.5099261021115575 129 lat: 55
100.134 8.762283690038757 127 lat: 38
100.381 6.989081358907641 126 lat: 26
100.712 8.667312940278691 124 lat: 70
101.214 12.015185152326143 122 lat: 121
101.631 21.26652077369947 119 lat: 267
102.25 36.562373438044986 115 lat: 212
102.838 50.22099793355405 112 lat: 69
103.17 68.51011306280272 108 lat: 176
103.609 81.62519874277578 105 lat: 62
103.808 77.82461205860444 104 lat: 55
103.98 62.8936382890966 103 lat: 24
104.15 49.13095173055646 102 lat: 28
104.311 28.565870681202558 101 lat: 25
104.482 11.988247289428132 100 lat: 23
104.648 6.577542942888676 100 lat: 21
104.816 4.644032227400208 99 lat: 24
104.985 4.162053778161738 98 lat: 26
105.154 3.7182800229636124 97 lat: 27
105.331 2.5759249839770595 97 lat: 26
105.504 4.725274132355668 95 lat: 29
105.695 5.55046103099089 94 lat: 48
105.861 5.9261810300390465 93 lat: 25
106.039 6.358191493523513 92 lat: 26
106.209 6.429299738411203 92 lat: 25
106.387 6.381002121994718 90 lat: 28
106.556 5.127289268074192 90 lat: 26
106.729 6.29487515607147 88 lat: 25
106.912 5.288653353298972 88 lat: 41
107.085 5.854012360602052 87 lat: 28
107.252 4.361656542370499 86 lat: 26
107.418 5.212210825292755 85 lat: 22
107.589 6.314485522153792 83 lat: 26
107.757 6.457443662141764 83 lat: 32
107.936 6.434301268896801 82 lat: 27
108.15 6.601048663842937 81 lat: 66
108.329 6.375403806188836 80 lat: 35
108.507 3.5788673109932136 79 lat: 34
108.675 6.185441124231488 77 lat: 23
108.853 7.369477731388114 76 lat: 26
109.023 7.825056037266447 75 lat: 28
109.197 7.065086361738168 75 lat: 26
109.367 6.759475034583919 74 lat: 26
109.546 6.692795676970736 72 lat: 33
109.735 5.037611375282207 72 lat: 36
109.91 4.3879947811628295 71 lat: 25
110.109 7.2362841669580416 69 lat: 24
110.28 8.388815915353918 68 lat: 23
110.442 6.782659981005878 67 lat: 23
110.61 7.866882926537511 66 lat: 26
110.783 7.203740767972361 66 lat: 30
110.954 4.745739529778275 65 lat: 27
111.133 5.901230095876999 63 lat: 30
111.314 4.895324780801083 63 lat: 33
111.523 6.36146268343691 61 lat: 47
111.715 7.869645168108637 60 lat: 29
111.901 8.657511289912502 59 lat: 32
112.066 7.026567570581448 58 lat: 23
112.237 6.757364496840141 58 lat: 26
112.406 4.41154096200774 57 lat: 24
112.576 5.486216210628694 55 lat: 23
112.739 5.7883082161884944 54 lat: 23
112.909 5.738570137090814 53 lat: 24
113.099 9.058478375830921 51 lat: 32
113.271 10.508060381444164 50 lat: 27
113.442 9.28146945360103 49 lat: 27
113.62 8.804524697561938 48 lat: 31
113.801 8.61731254485892 47 lat: 32
113.976 6.307178645156144 46 lat: 27
114.141 5.5426096159250955 45 lat: 28
114.309 5.041824834360611 44 lat: 24
114.475 5.232811813269883 43 lat: 23
114.653 5.417275503188426 42 lat: 26
114.819 5.282476094861516 41 lat: 23
114.995 5.183917160332988 40 lat: 23
115.167 5.3870157816666175 39 lat: 26
115.335 5.1124788427855075 38 lat: 23
115.506 5.044487941152548 37 lat: 22
115.709 5.038039637598627 36 lat: 26
115.888 7.473590279114477 34 lat: 35
116.059 6.777924827305773 34 lat: 25
116.247 6.6414488296702485 33 lat: 35
116.43 6.770637229374643 32 lat: 37
116.595 5.8957295869318855 32 lat: 24
116.807 2.5169056323305496 32 lat: 64
116.974 6.479641444011612 29 lat: 24
117.144 7.700284376629341 28 lat: 28
117.314 7.863865116667638 27 lat: 28
117.491 8.940593461675503 26 lat: 25
117.712 12.218075755168133 24 lat: 25
117.88 9.697417320596083 23 lat: 25
118.055 9.058490472980807 22 lat: 24
118.221 8.957732189898502 21 lat: 25
118.382 7.928263244413855 21 lat: 22
118.556 7.096385697987747 19 lat: 31
118.724 5.467697610452948 19 lat: 27
118.897 4.028691670951385 19 lat: 32
119.085 2455.4059513223046 17 lat: 33
119.271 2899.7789513762527 17 lat: 31
119.453 2996.2066815095295 18 lat: 27
119.623 3022.936695588583 19 lat: 25
119.797 3029.0196728612277 19 lat: 28
119.969 584.1857562099268 21 lat: 26
120.136 144.8485175443685 22 lat: 25
120.304 53.548827993556415 24 lat: 24
120.52 31.214454006808964 25 lat: 29
120.688 28.29367032774067 26 lat: 23
120.857 27.191972317824636 28 lat: 23
121.048 22.333017989716456 27 lat: 26
121.235 19.087328472475246 29 lat: 31
121.415 17.815959753605267 30 lat: 30
121.584 20.967568312812823 32 lat: 26
121.754 16.1100340818715 32 lat: 21
121.918 18.4207937068668 33 lat: 24
122.09 16.767567444640193 34 lat: 23
122.289 16.418363911217785 35 lat: 26
122.467 13.276941273629227 36 lat: 24
122.64 18.345608207172276 38 lat: 27
122.818 20.370868159182187 39 lat: 25
123.003 21.502175332098197 40 lat: 37
123.185 25.472980337786826 42 lat: 23
123.356 26.948503685842912 43 lat: 25
123.535 23.75129532523479 44 lat: 30
123.719 22.730998252876333 45 lat: 31
123.886 25.893359944811074 47 lat: 25
124.061 23.745250119830157 48 lat: 27
124.23 22.669514998905015 49 lat: 25
124.419 26.04640888684746 51 lat: 26
124.596 24.255838184584157 51 lat: 25
124.764 22.592825250351623 53 lat: 24
124.935 21.85336340833932 54 lat: 30
125.142 19.37423920744457 54 lat: 43
125.372 17.067939251968248 56 lat: 69
125.552 18.76995866067027 57 lat: 28
125.733 16.534444821362136 58 lat: 34
125.902 15.538618262619014 59 lat: 25
126.068 15.416467771048609 59 lat: 24
126.243 12.508920895976422 60 lat: 27
126.413 14.521945914320138 62 lat: 27
126.584 15.303119266366664 63 lat: 25
126.781 13.377531708547888 63 lat: 32
126.966 14.794550091751736 64 lat: 33
127.15 18.899737659644828 66 lat: 29
127.32 17.079190217061402 67 lat: 23
127.488 16.57712318675329 68 lat: 22
127.676 16.24510342234309 68 lat: 38
127.85 18.30224268837213 70 lat: 27
128.022 13.513386457251983 70 lat: 27
128.236 11.919308354098685 71 lat: 67
128.408 11.288404928312724 72 lat: 26
128.576 13.116787710732767 73 lat: 24
128.749 11.353146547726421 74 lat: 24
128.915 10.982225007392403 74 lat: 19
129.086 10.744695807329643 75 lat: 29
129.259 10.556720872364021 76 lat: 24
129.428 10.78738732633322 77 lat: 27
129.637 11.272161098687945 78 lat: 51
129.819 16.691952222297715 80 lat: 38
129.991 18.899232892559752 81 lat: 25
130.161 17.38044471341628 81 lat: 27
130.322 16.729840227077602 82 lat: 22
130.49 16.277146743803122 83 lat: 21
130.656 13.134094049970836 84 lat: 25
130.836 15.548735749060313 86 lat: 34
131.007 18.724101475383296 87 lat: 27
131.179 19.996206613920837 88 lat: 28
131.343 20.352849304638262 89 lat: 29
131.515 20.116370095499995 90 lat: 28
131.681 16.808680229352206 91 lat: 21
131.849 15.608531798570095 92 lat: 27
132.015 14.945878327853006 93 lat: 23
132.218 15.226648319144676 94 lat: 32
132.431 15.263491784364131 95 lat: 33
132.603 18.569308533996935 97 lat: 24
132.772 17.378271772195124 97 lat: 28
132.947 20.141105143286367 99 lat: 24
133.168 21.168810968410853 100 lat: 70
133.341 21.790601372308043 101 lat: 27
133.53 21.841432580339813 103 lat: 36
133.715 21.757273311838638 103 lat: 32
133.889 18.468309890930698 104 lat: 28
134.056 16.91584453186217 105 lat: 24
134.229 16.430007977527623 106 lat: 34
134.413 12.919903215016951 107 lat: 31
134.591 14.376444684275047 108 lat: 32
134.77 18.469133798657097 110 lat: 28
134.946 20.12611070840856 111 lat: 28
135.126 20.354820481546575 112 lat: 26
135.303 20.701159444578614 113 lat: 26
135.47 18.600907491961767 113 lat: 24
135.638 17.024669432375195 115 lat: 24
135.808 16.282454758889116 116 lat: 27
135.991 16.37419278313172 117 lat: 31
136.164 16.1723368290376 118 lat: 33
136.333 18.188865571740234 119 lat: 25
136.503 16.29058133182764 120 lat: 30
136.671 15.799529936989845 121 lat: 25
136.844 15.509118172589048 122 lat: 24
137.009 15.190290362707593 123 lat: 24
137.175 15.043370641152947 124 lat: 23
137.36 14.706904626031001 125 lat: 34
137.543 14.483059884008433 126 lat: 32
137.718 12.40005940148709 126 lat: 23
137.903 14.678594656936077 128 lat: 26
138.078 15.317304222078118 129 lat: 26
138.256 16.235714944815093 130 lat: 29
138.447 14.296842629698299 130 lat: 35
138.625 22.905478774427507 133 lat: 32
138.796 23.121995854081298 134 lat: 25
138.965 23.49124834311605 135 lat: 24
139.13 23.280277376842193 136 lat: 28
139.303 25.461400757503558 137 lat: 27
139.468 18.943300704542104 138 lat: 21
139.633 16.680016322394508 139 lat: 22
139.826 13.55880287906264 139 lat: 43
140.01 14.851400070562413 141 lat: 25
140.181 15.414588997587645 142 lat: 25
140.354 16.114869444166366 143 lat: 26
140.528 16.215758517820884 144 lat: 26
140.706 21.747710709935344 146 lat: 23
140.875 18.66173360056457 146 lat: 26
141.043 20.458537165176978 148 lat: 24
141.216 18.252542411555034 148 lat: 27
141.385 20.497163655104735 150 lat: 27
141.569 18.10941401832605 151 lat: 24
141.741 20.23549475512264 152 lat: 28
141.913 17.68758726282787 153 lat: 29
142.089 19.412548170893068 154 lat: 31
142.265 16.908667671907256 155 lat: 24
142.433 15.915048514293218 156 lat: 20
142.596 15.27146709229448 157 lat: 23
142.763 15.27291569414667 158 lat: 24
142.94 14.643511928589719 159 lat: 26
143.107 14.637469592072064 160 lat: 27
143.277 12.541751106201124 160 lat: 27
143.448 11.573177948776769 161 lat: 24
143.619 14.095188267843874 163 lat: 28
143.782 15.367960328170788 164 lat: 23
143.97 15.838172973219464 165 lat: 36
144.153 16.002692985372825 165 lat: 29
144.326 16.203952155016346 166 lat: 27
144.497 13.260638453863795 167 lat: 22
144.691 19.476844346694826 170 lat: 36
144.891 18.443754690204365 170 lat: 42
145.08 20.135573040697988 171 lat: 40
145.286 18.81687976205566 171 lat: 51
145.479 20.85096622077846 173 lat: 30
145.666 14.241726163026952 174 lat: 31
145.85 15.18095244714474 175 lat: 29
146.036 15.326634660061046 176 lat: 18
146.244 17.605809883202244 177 lat: 36
146.444 16.142094130198227 178 lat: 39
146.634 18.888383406147234 180 lat: 37
146.819 19.785336046836004 181 lat: 29
147.007 20.01298355415674 182 lat: 36
147.205 19.71152243961837 183 lat: 37
147.4 17.512947324572615 183 lat: 35
147.577 15.917328773986906 185 lat: 28
147.75 15.46808509866866 186 lat: 24
147.919 13.428352391559322 186 lat: 24
148.099 15.360889513499297 188 lat: 24
148.263 18.422048967883413 189 lat: 21
148.465 17.153864239694865 190 lat: 49
148.639 19.796454964865205 192 lat: 27
148.846 20.331642489222503 192 lat: 28
149.031 17.93793588558689 193 lat: 26
149.22 16.48862393623711 194 lat: 26
149.401 15.793968007644603 195 lat: 25
149.58 12.52284676702316 196 lat: 28
149.771 13.99159114095995 197 lat: 27
149.948 18.205059564648828 199 lat: 24
150.118 19.809563254849827 200 lat: 27
150.296 20.89659757387801 201 lat: 29
150.525 21.075413807752547 202 lat: 23
150.692 24.50152647231323 204 lat: 23
150.864 19.5072410167333 204 lat: 24
151.033 17.292967104387248 205 lat: 23
151.203 15.966726999288653 206 lat: 25
151.377 15.28581314596732 207 lat: 28
151.553 11.220400462354986 208 lat: 21
151.719 10.174201834593498 208 lat: 25
151.893 10.067025038716348 209 lat: 27
152.065 8.228795903314726 209 lat: 30
152.265 7.321541265283612 210 lat: 53
152.443 10.153490143875153 212 lat: 32
152.616 13.482402719031452 213 lat: 22
152.79 12.459713865732606 213 lat: 25
152.966 13.728645079384902 214 lat: 26
153.129 14.689363834942917 215 lat: 23
153.3 12.379762445755365 216 lat: 27
153.469 11.317072843253303 217 lat: 28
153.654 12.96017806224493 218 lat: 28
153.826 13.654709591697499 219 lat: 25
153.995 11.813896698255034 219 lat: 25
154.164 13.620679453889615 221 lat: 25
154.328 11.873823546854531 221 lat: 23
154.501 13.960290099337563 223 lat: 24
154.673 12.663589464027574 223 lat: 24
154.842 12.19749787972463 223 lat: 22
155.01 11.471676630752409 225 lat: 25
155.177 11.60972888859919 225 lat: 26
155.354 9.158172305648758 226 lat: 31
155.528 13.484876318633958 228 lat: 23
155.698 17.034005320029717 229 lat: 28
155.867 14.089086224909423 229 lat: 25
156.071 14.851333272883378 230 lat: 40
156.276 14.93950821156556 231 lat: 47
156.469 14.645627045791551 233 lat: 32
156.693 12.387135209395733 233 lat: 35
156.883 13.74350194077376 234 lat: 35
157.07 18.006098244288754 236 lat: 32
157.25 17.17857714824975 236 lat: 23
157.424 17.119910543724206 238 lat: 29
157.596 16.900273032599188 238 lat: 27
157.799 19.613806308674917 240 lat: 30
157.965 17.378853781181878 241 lat: 23
158.135 17.149670349808282 241 lat: 24
158.304 12.234952357876324 241 lat: 23
158.475 11.064415116324877 241 lat: 28
158.665 6.151538143887063 241 lat: 28
158.839 31638.945439223502 241 lat: 25
159.01 37225.793200897446 241 lat: 25
159.183 38303.282902704916 239 lat: 28
159.348 38512.70385873588 238 lat: 24
159.52 38556.99052009797 237 lat: 24
159.689 6931.513111721467 236 lat: 24
159.853 1344.6653230430247 236 lat: 23
160.016 269.9795669705088 234 lat: 26
160.193 64.79684557727415 232 lat: 27
160.356 22.41903547823001 231 lat: 23
160.528 12.44356381110363 230 lat: 26
160.7 12.436784790408101 229 lat: 26
160.914 10.173706481735731 228 lat: 39
161.1 6.587603459023713 227 lat: 25
161.306 7.603630769071066 225 lat: 26
161.474 10.967343435304288 223 lat: 27
161.658 10.401255261022401 223 lat: 25
161.842 10.2484070839589 222 lat: 24
162.015 10.42633291994997 221 lat: 28
162.198 8.517262974434836 220 lat: 29
162.377 4.995825250554916 219 lat: 37
162.544 4.42698618410933 219 lat: 26
162.709 4.108062324618207 218 lat: 24
162.885 3.8143427088925104 217 lat: 24
163.056 3.600971158980861 216 lat: 24
163.222 3.4327048970802876 215 lat: 24
163.39 4.4483846996730705 214 lat: 28
163.559 5.103540278172959 213 lat: 23
163.763 5.337583307938165 212 lat: 47
163.991 5.179982668454333 211 lat: 32
164.167 7.662402048686246 209 lat: 29
164.349 8.271127074177357 208 lat: 26
164.531 7.231140595589464 208 lat: 26
164.701 6.637051455796152 207 lat: 23
164.877 8.433787177301625 205 lat: 29
165.054 6.451323811067448 204 lat: 28
165.228 5.8907878853852065 203 lat: 27
165.403 7.151799474165387 202 lat: 32
165.589 9.951772908155563 200 lat: 32
165.783 7.565276455747592 200 lat: 33
165.974 8.6086111691577 198 lat: 36
166.195 7.732994613629617 198 lat: 48
166.371 9.072581534238886 196 lat: 38
166.541 6.111647209137683 196 lat: 28
166.707 8.633249616950243 194 lat: 24
166.878 6.276324532607137 194 lat: 27
167.05 6.015067092590025 194 lat: 23
167.227 5.23720932065337 192 lat: 34
167.415 6.453226006731909 191 lat: 37
167.581 4.982714609268862 190 lat: 22
167.753 4.800509315097513 190 lat: 29
167.925 5.2621827219391335 189 lat: 24
168.101 4.191891110458604 188 lat: 21
168.275 3.7303124822666014 187 lat: 25
168.441 3.5515953751964453 186 lat: 23
168.614 4.556265823967228 185 lat: 25
168.805 4.146749905148196 185 lat: 47
168.969 5.373528144941746 183 lat: 25
169.158 5.772575222830042 182 lat: 34
169.363 8.248088067593464 180 lat: 43
169.575 7.5231505496025735 180 lat: 59
169.742 8.264958773686583 179 lat: 24
169.916 8.946931772844602 177 lat: 28
170.09 7.806789338431937 177 lat: 21
170.257 6.471620189909501 175 lat: 28
170.423 7.498045214362128 174 lat: 24
170.589 7.7157424441320455 173 lat: 23
170.782 8.114840784853314 171 lat: 46
170.967 9.462478622294345 170 lat: 26
171.152 8.324571743986398 169 lat: 42
171.328 10.492638210947216 167 lat: 30
171.564 11.416153874976434 166 lat: 64
171.731 9.81786619167008 165 lat: 27
171.903 8.324818420538346 165 lat: 27
172.075 7.695605571592544 164 lat: 25
172.248 5.035729068555181 163 lat: 28
172.442 3.886621055239487 162 lat: 29
172.635 3.1744219729114906 161 lat: 34
172.808 6.3958018824195 159 lat: 24
172.981 7.647957456677322 158 lat: 24
173.151 6.922287454829853 158 lat: 24
173.322 8.434241662530459 156 lat: 24
173.495 8.933857961466586 155 lat: 23
173.671 6.642927516745116 154 lat: 27
173.842 5.97442950487703 153 lat: 24
174.021 6.797996500447683 152 lat: 29
174.201 5.528005448383089 151 lat: 30
174.369 5.317555501799081 150 lat: 24
174.543 5.419719665740943 149 lat: 25
174.719 5.3905280318424955 148 lat: 27
174.885 5.460943052351371 147 lat: 24
175.059 5.352186922914871 146 lat: 29
175.227 5.37891107956167 145 lat: 26
175.407 5.268083415334131 144 lat: 22
175.603 4.2054326474619135 144 lat: 24
175.821 5.320329764967779 142 lat: 38
176.012 5.793920864520316 141 lat: 30
176.193 6.049552798269157 140 lat: 31
176.392 8.517479568323388 138 lat: 34
176.571 8.787776246262638 138 lat: 31
176.739 7.351977443240942 137 lat: 22
176.908 6.673710051816156 136 lat: 24
177.087 6.080094174971165 135 lat: 33
177.258 5.624483261576351 133 lat: 25
177.44 7.074191665398521 132 lat: 25
177.61 7.714899275063613 131 lat: 24
177.777 8.23824561529547 130 lat: 26
177.94 8.561684534666467 129 lat: 25
178.116 6.625238942003668 128 lat: 26
178.283 4.8919865447151905 128 lat: 23
178.455 5.844155250070948 126 lat: 28
178.619 4.801654860774666 126 lat: 25
178.79 4.259019754210543 125 lat: 28
178.955 6.185460554749353 123 lat: 25
179.128 7.984349086279764 122 lat: 31
179.313 6.99280917528111 121 lat: 28
179.501 6.873028187773929 121 lat: 33
179.682 6.706997627920752 120 lat: 31
179.85 4.356836948391766 119 lat: 23
180.033 5.5592918421876325 117 lat: 21
180.207 5.965205737922139 116 lat: 23
180.424 6.004829591561427 116 lat: 36
180.6 8.04796801126382 114 lat: 25
180.77 8.794109491783255 113 lat: 25
180.942 7.014433965950371 112 lat: 24
181.115 6.396883419958649 111 lat: 33
181.29 7.376032311392754 110 lat: 27
181.481 6.106049855852831 109 lat: 27
181.648 5.9579942096463485 108 lat: 29
181.828 4.8103449589102585 108 lat: 36
182.007 4.2395172539980726 107 lat: 26
182.178 3.173752176833164 107 lat: 25
182.347 3.991015967662616 105 lat: 27
182.531 2.881339348641229 105 lat: 26
182.697 5.351024687193039 103 lat: 25
182.877 5.095919771919969 103 lat: 27
183.065 5.74963814249139 102 lat: 25
183.236 4.759377975513668 101 lat: 20
183.402 5.70572045825441 100 lat: 24
183.606 4.2172173017207495 99 lat: 60
183.778 3.998087583796898 99 lat: 25
183.942 3.801509250361011 98 lat: 22
184.108 3.495831781995492 97 lat: 24
184.312 3.128222248787661 96 lat: 27
184.499 5.036728747747455 94 lat: 36
184.664 6.682936959340552 93 lat: 23
184.826 7.603642225243357 92 lat: 20
184.998 8.129360458037917 91 lat: 28
185.17 8.596031717124573 90 lat: 27
185.336 5.705112657863133 90 lat: 23
185.503 4.5270633989207365 89 lat: 24
185.671 3.889893147365307 88 lat: 27
185.868 3.6042851683085275 87 lat: 24
186.03 3.4084749296489796 86 lat: 24
186.2 4.40724392897015 85 lat: 26
186.364 4.917064404599722 84 lat: 22
186.563 5.189267454826705 83 lat: 44
186.729 5.296603630549119 82 lat: 25
186.892 5.393599391310535 81 lat: 23
187.058 5.370197454825228 80 lat: 23
187.229 5.316143678269523 79 lat: 26
187.415 5.265801539068994 78 lat: 42
187.587 5.28636263850051 77 lat: 27
187.755 4.175524456618776 77 lat: 26
187.917 3.4476132541108355 76 lat: 23
188.113 4.955006869476194 74 lat: 48
188.281 5.602559268905206 73 lat: 30
188.446 5.9095905167580405 72 lat: 22
188.612 7.1617970982196315 71 lat: 21
188.779 8.036646723009794 70 lat: 25
188.947 6.6868201371476825 69 lat: 24
189.118 5.08695729370431 69 lat: 26
189.288 4.269555870656043 68 lat: 26
189.455 3.830628094754565 67 lat: 24
189.626 3.575727948620848 66 lat: 23
189.792 3.428077387654689 65 lat: 22
189.959 4.425844444948729 64 lat: 27
190.121 4.9311717286666 63 lat: 25
190.291 5.050170418713256 62 lat: 24
190.454 4.8649978156943865 61 lat: 19
190.617 4.8676274839920515 60 lat: 23
190.776 4.841135462316171 59 lat: 23
190.94 4.798348596851529 58 lat: 22
191.109 4.925459669939442 57 lat: 26
191.27 5.305818255917396 56 lat: 20
191.438 5.430137705188657 55 lat: 25
191.602 4.470872418305729 55 lat: 25
191.785 5.484759774698372 53 lat: 33
191.964 5.698719213237091 52 lat: 30
192.133 5.721838358682257 51 lat: 24
192.301 5.488299826788644 50 lat: 23
192.468 6.557060490299592 49 lat: 26
192.639 7.873252933584666 47 lat: 24
192.808 6.948837168752644 47 lat: 31
192.975 6.412694377185885 46 lat: 26
193.139 6.580205899009812 45 lat: 24
193.307 6.477940325500183 44 lat: 23
193.471 4.013673820708191 43 lat: 23
193.647 4.7675941153317085 42 lat: 35
193.807 5.151254038917896 41 lat: 24
193.976 4.12216825700751 41 lat: 24
194.141 4.979395125778374 39 lat: 23
194.31 5.2601027133226825 38 lat: 28
194.478 5.093156807588398 37 lat: 27
194.644 7.120050520928485 35 lat: 24
194.809 9.011334253863092 34 lat: 24
194.977 8.349435237346254 33 lat: 28
195.143 8.26527480270729 32 lat: 28
195.309 7.357271051890788 32 lat: 23
195.48 6.65840535597026 30 lat: 23
195.645 6.3838318775524385 29 lat: 25
195.811 5.328326578292157 29 lat: 26
195.982 6.4194071338917436 27 lat: 26
196.162 8.091407703242169 26 lat: 40
196.325 7.073909118753034 25 lat: 25
196.488 5.512608590307389 25 lat: 23
196.657 5.798736852364468 24 lat: 24
196.824 6.546795645447773 22 lat: 26
196.999 6.669644286795832 21 lat: 27
197.17 5.4444569399018885 21 lat: 25
197.336 5.90005568834879 20 lat: 27
197.506 6.313531244414538 19 lat: 26
