0.622 0.0 239
1.243 162.0 221
1.836 181.09679878000998 234
2.455 181.33522108392455 231
3.062 190.398588708044 227
3.644 206.0087212015016 223
4.271 56.928856169753814 220
4.88 55.20955982588704 216
5.471 68.48123197529355 213
6.077 77.04853107110202 209
6.714 75.03154721321522 206
7.331 79.77741791432312 202
7.92 81.72089619472871 198
8.528 82.35005330266988 195
9.119 82.6159787943904 191
9.698 82.70285222552533 188
10.285 82.73973877664896 184
10.874 77.03553855858124 181
11.478 75.12657181281712 178
12.071 74.30639686796141 174
12.65 74.03723486507141 171
13.247 73.92268934813494 167
13.848 73.88519758532637 164
14.451 73.87194391539875 161
15.048 68.52306041454418 158
15.65 71.96552824050828 154
16.23 67.71418781267718 151
16.848 71.69168128717077 147
17.429 73.04359520485636 144
18.023 78.97177613042845 140
18.597 75.71979559187488 137
19.186 74.60761971983094 134
19.785 74.12485152703543 130
20.399 79.64478811508349 126
21.007 76.05416846779734 123
21.624 80.31827892693752 119
22.207 81.76331874824305 116
22.788 76.93833832085532 113
23.544 74.93413197303923 109
24.473 86.64161708045508 104
25.432 98.24353139954634 99
26.265 115.48196828757222 94
27.311 143.11880419445365 88
28.192 160.72972702329224 83
29.111 176.41601040479088 77
30.035 174.29289918255574 73
30.923 181.72984104505434 67
31.88 176.00065441629044 62
32.742 173.96200302717634 57
33.633 173.12280875340252 51
34.538 180.7286257288901 46
35.413 175.32854867609376 41
36.189 173.38465813205605 36
37.227 165.17681533538544 32
38.178 170.70685737909113 25
39.025 172.58296185552933 20
39.884 23424.48792411942 17
40.694 27044.129321229273 22
41.602 27699.18207241128 27
42.492 27828.72180525436 32
43.332 27863.765703608427 37
44.17 4623.757892858544 42
44.975 1008.2926154384443 47
45.913 354.572749306637 51
47.043 225.70919897054577 58
48.272 210.10652247453868 65
49.363 225.27366646730258 72
50.219 230.15084636691495 77
51.221 239.54197575666112 82
52.051 225.74191560902622 87
52.911 201.71703119886132 92
53.758 173.6604287452505 97
54.619 164.23953762228248 102
55.547 160.8715236098052 107
56.332 159.63585071556196 112
57.201 159.17792080666663 117
58.088 159.0075687380969 122
59.015 167.41677709312603 128
59.943 162.58976565513615 132
60.935 168.98280632872644 138
61.774 171.29783818596871 143
62.784 180.730589528119 149
63.753 175.63179924012746 154
64.656 190.29965668551569 160
65.48 187.42015306256044 165
66.409 186.39351547168496 170
67.227 169.90571753158684 174
68.012 163.79799159211063 179
68.839 152.89980070699463 184
69.659 148.99003307287833 189
70.514 140.09918314663054 193
71.403 152.2914117314426 199
72.297 156.8956744284327 204
73.161 158.62049997487136 209
74.021 159.26473416796344 214
74.872 166.9595379759475 219
75.681 154.37968826223235 223
76.535 149.61837609049113 228
77.376 147.83325312561902 233
78.289 148.43012197074123 222
79.115 260.8445737876418 242
79.979 24143.931006925544 240
80.84 27772.757059673946 236
81.662 28422.51432059588 231
82.567 28565.74747321241 226
83.364 28493.368784581395 221
84.218 4630.797381106793 216
85.084 1009.4736124645754 211
85.962 354.8122014532011 207
86.769 216.59312013558932 201
87.555 170.85603442663978 197
88.432 155.6288097167759 192
89.252 150.205140315297 187
90.051 155.8991889171192 182
90.891 142.45950971420828 178
91.778 145.12171196628583 173
92.651 154.49275453290898 167
93.479 150.1164450955271 163
94.414 156.65111263580064 157
95.269 166.48095485856234 152
96.161 162.6808544230782 148
97.036 160.99363255645272 142
97.9 168.1918761810872 137
98.751 162.70339729442503 132
99.574 153.21403800769667 128
100.447 157.15237487481366 123
101.375 150.5610947910795 118
102.206 148.15324463316355 113
103.041 147.26238364152047 108
103.877 154.43831061762205 103
104.68 149.75283795102072 99
105.484 147.90347221237937 94
106.373 147.19969875151588 89
107.236 146.93531618151388 84
108.068 155.28970165360255 78
108.883 151.085771652407 75
109.741 157.18677551792285 69
110.542 151.84179525471686 65
111.441 149.7658340008662 60
112.258 140.52702096534398 55
113.15 151.86956467623332 50
114.028 148.54750946670913 45
114.918 154.9449354251399 40
115.917 165.8858885853227 34
116.807 178.70534949134333 28
117.657 183.26669222843086 23
118.545 177.2736893098947 19
119.404 23979.344738067448 18
120.694 27846.804805335116 25
121.665 28601.62271899375 32
122.588 28763.635882760354 37
123.519 28815.10421958535 42
124.459 5074.199517686647 51
125.451 1239.4966974329354 58
126.479 507.1993755244997 65
127.317 372.9236598054169 72
128.149 338.2048601289 77
129.087 280.8703174101168 82
130.083 241.046595756102 87
131.011 207.15956192525027 92
131.973 175.4037024569699 97
132.912 164.84976430610004 102
133.791 161.09352131785636 107
134.684 159.7178548515445 112
135.68 159.20838947732798 117
136.592 159.01891422427076 122
137.446 167.42101170025924 128
138.359 162.59134680003052 132
139.249 168.9833996230184 138
140.132 171.29806303031145 143
141.018 180.7306771022383 149
142.025 175.63182912826392 154
142.893 190.2996690051192 160
143.798 187.42015757326524 165
144.648 186.3935172313766 170
145.542 169.90571816188108 174
146.363 163.79799183387055 179
147.194 152.8998007910249 184
148.084 148.99003310279434 189
148.997 140.09918315700526 193
149.917 152.2914117355345 199
150.77 156.89567442998253 204
151.683 158.62049997544608 209
152.591 159.26473416817063 214
153.502 166.9595379760347 219
154.344 154.37968826226376 223
155.207 149.61837609050272 228
156.071 147.8332531256228 233
156.911 148.43012197074253 222
157.779 260.844573787642 242
158.624 245.8961795707747 240
159.532 24501.577376931982 236
160.411 28270.27051337286 231
161.327 28940.832650664706 226
162.24 28976.7128290906 221
163.15 29040.257516345653 216
164.057 4800.841158887952 211
164.91 1029.9113070184412 207
166.487 365.54461296978127 201
167.804 334.772212333277 187
169.008 327.33073950990854 182
170.05 316.34938103959007 178
170.947 320.5620124660378 173
171.846 322.3538795265749 167
172.677 200.04497272872987 163
173.527 172.78322835805272 157
174.431 172.72604056264143 152
175.323 165.12527254294892 148
176.197 161.8257279962844 142
177.065 168.53087885001113 137
177.915 162.82297729469542 132
178.929 153.25622472933412 128
179.923 157.1698617995892 123
180.911 150.5673276334521 118
181.798 148.15548601375318 113
182.691 147.26316524476738 108
183.649 154.43861986146604 103
184.521 149.75295554833684 99
185.351 147.9035162633939 94
186.244 147.19971508997537 89
187.318 146.93532214686473 84
188.228 155.28970374922145 78
189.144 151.0857724835586 75
190.089 157.18677583579586 69
191.014 151.84179537503292 65
191.998 149.76583404673184 60
192.941 140.52702097981157 55
193.872 151.86956468243568 50
194.882 148.54750946883638 45
195.881 154.9449354259755 40
196.853 165.88588858564077 34
197.859 178.70534949146352 28
198.811 183.26669222847647 23
199.72 177.27368930991253 19
201.947 23114.028240787444 18
