0.167 0.06874679462481918 241
0.337 0.1833730998276077 241
0.502 0.36937253476372744 241
0.666 0.5320715518878751 241
0.838 0.6558005077528175 240
1.005 1.037414799328396 239
1.163 1.6402645292501683 238
1.317 2.193991210235475 237
1.482 2.9186130255180336 236
1.654 3.60520891130481 235
1.814 274.9221101399681 212
1.973 327.53846929757594 233
2.144 525.4257985665927 208
2.333 586.5244539527533 206
2.509 767.9266108281219 230
2.682 529.6682620988479 229
2.85 695.1007222849844 204
3.009 586.594774775394 227
3.179 712.7289914441828 201
3.343 553.9976105582184 203
3.507 537.7562587166628 200
3.678 322.05343805470966 200
3.857 430.8734853592886 221
4.02 280.34719344153154 220
4.189 266.25915208608376 220
4.352 249.83170082527243 219
4.514 247.49270475266147 217
4.704 49.28678266416255 216
4.871 281.45200718089455 193
5.045 325.1261691384284 214
5.227 332.9813593045851 213
5.434 548.1810729447567 190
5.605 625.4067006355493 187
5.767 371.6168591839236 187
5.927 324.1322582572472 186
6.088 526.2845138903538 208
6.281 409.7559728057463 184
6.446 359.05887599408675 183
6.611 516.4899374440532 205
6.774 595.2009163517773 183
6.943 401.15869750128 183
7.102 304.90994766089784 183
7.261 284.9838850317634 180
7.427 114.66043650273892 179
7.623 34.637843997780564 177
7.787 19.823656482001795 176
7.962 16.860722995241286 176
8.125 208.91750356334677 196
8.284 243.63895069034757 195
8.448 412.6066489126598 172
8.621 454.7238187752495 171
8.785 467.9039201306142 170
8.944 281.339744443462 167
9.107 245.81933934573848 167
9.282 74.22479644070341 166
9.442 31.448709653495847 165
9.599 18.243852365194204 165
9.759 5.8857681414961425 164
9.93 4.216720503069321 163
10.087 3.4322343431619853 162
10.254 3.113830846870983 161
10.414 3.946412308186418 160
10.588 3.59902688682106 160
10.747 4.8955669671599535 158
10.907 4.241892425342288 158
11.072 3.8242019330584442 157
11.254 2.8675347319775093 157
11.442 3.1006021536536625 156
11.605 1.8216785592700793 155
11.773 2.44327827761906 154
11.937 192.2605344754517 174
12.119 227.8775534003069 173
12.281 236.4195356295726 173
12.441 410.36030665166265 152
12.602 464.51329008147343 171
12.77 279.1822529993453 169
12.927 243.88707639877413 168
13.096 423.1039382943907 148
13.258 290.15678248438087 166
13.434 354.0747346697858 146
13.611 409.4512248630509 164
13.772 418.87953972959707 163
13.937 233.34361437381952 163
14.098 191.98043345273942 161
14.254 73.10411085529265 161
14.428 13.057858598521182 160
14.589 3.9472003364959063 159
14.752 2.2394244175787135 158
14.921 2.0628322095145077 158
15.085 2.418395587590784 157
15.261 2.6889205613394447 156
15.419 2.961353794305187 155
15.582 2.956046601392722 154
15.766 2.896491579070902 154
15.936 4.209189941628547 152
16.1 6.837571504543408 150
16.261 6.359499113575131 150
16.421 7.875399963656188 148
16.602 8.239284000407032 148
16.762 7.2744978019374535 147
16.923 4.778872823753788 146
17.081 4.3711960078875425 146
17.235 4.113173459860253 144
17.394 5.3304328931471865 143
17.551 4.718836366621805 143
17.735 4.494340509564048 142
17.895 5.20111357972629 141
18.052 4.1741563421509325 140
18.269 3.6910403982788584 139
18.427 4.673349006168747 138
18.586 4.154761503001775 138
18.748 5.415709909467321 136
18.92 4.567418999470133 136
19.081 3.938607309914521 135
19.246 3.6825221048582772 134
19.416 4.473147285471 133
19.58 3.3499694907843325 132
19.737 5.751813425375289 130
19.901 5.552113021004093 130
20.061 5.396074499163958 129
20.221 5.338554808016529 128
20.377 5.330572916734562 127
20.538 3.7023588786706467 126
20.704 4.305475667618806 125
20.867 3.685562795700466 125
21.032 4.768719640700645 123
21.192 5.20873130376622 122
21.368 5.236236345431362 121
21.529 5.355096525841768 120
21.708 6.3744025951451855 119
21.878 5.4311550490731095 118
22.044 5.163014006715028 117
22.215 7.1079991972230445 115
22.39 76.91133704913469 104
22.55 86.56908768249431 114
22.719 86.75124830453323 113
22.88 86.22553523058117 113
23.044 84.01827393990867 111
23.199 14.106569519513457 110
23.361 4.407600563580187 109
23.519 4.257530789560581 108
23.683 3.808115586468432 108
23.849 3.5028935071653216 107
24.008 5.1413723458304545 105
24.18 4.109423372775598 106
24.351 4.776692061653285 104
24.509 5.832478745582371 103
24.676 5.430460073280394 103
24.834 3.4541529470297485 102
24.996 5.799165302381006 100
25.163 4.4170299227494025 100
25.324 3.824352123040293 99
25.493 4.505426829639507 98
25.664 4.703287509544634 97
25.824 3.120114306231694 96
25.995 3.6684946233425126 95
26.187 5.818444248844881 93
26.355 6.685124170566118 92
26.525 7.094865188276302 91
26.682 7.268784158927245 90
26.85 7.4085513014345095 89
27.007 7.737838409674191 87
27.164 6.511232191019168 87
27.333 5.3392229768090855 87
27.494 6.024759935133729 85
27.651 8.406817068051277 83
27.811 5.900644966969807 83
27.974 6.204279164635508 82
28.144 7.014453069891834 81
28.299 6.201981409010958 80
28.461 3.8830765068985005 79
28.665 4.3413005512736484 78
28.826 4.620749039103903 77
28.99 6.712773128453137 75
29.154 6.223301248335526 75
29.317 5.224896843450852 75
29.488 6.139239514481275 73
29.678 5.376959892601353 73
29.837 3.0414755891667045 72
30.005 3.448975938087747 71
30.181 4.313445217013286 70
30.347 3.4070467827047555 69
30.508 4.306985069291651 68
30.734 3.8731823834102204 68
30.906 3.6485051080375293 67
31.075 3.5456475818943054 66
31.238 3.384633839844075 65
31.401 3.1850891069109903 64
31.558 4.1094555341496 63
31.717 4.817426078084923 62
31.878 4.126283729379072 62
32.041 3.830197397443075 61
32.204 3.74003376908496 60
32.364 2.7828512727292662 60
32.534 2.0020317163307495 59
32.693 1.9376301880094817 59
32.852 3.2137547514774862 57
33.013 2.603604232565841 57
33.173 2.997366224433763 56
33.338 3.3929225369986367 55
33.502 5.868850562864381 53
33.668 4.305423157511056 53
33.83 6.15490474767583 51
33.984 7.1203613427300985 50
34.142 7.569281127236105 49
34.305 5.171471433142649 49
34.464 5.398164553926547 48
34.633 3.961254212378985 47
34.809 3.3004273770951036 46
34.99 4.669483715639485 44
35.151 6.312668833852959 43
35.315 7.075649168530936 42
35.482 6.55633844894735 42
35.64 7.73607252677172 40
35.804 5.287740700888832 40
35.964 4.071704075981331 39
36.133 5.359536550662321 37
36.298 5.573473737787594 37
36.461 4.251512749979943 36
36.622 5.090994186610173 35
36.793 5.56670707186048 34
36.96 3.096830082549772 34
37.121 4.513261412708154 32
37.282 3.994714895484415 32
37.444 5.0892516476254634 30
37.603 7.750911419548387 28
37.764 8.218218948369596 28
37.924 7.035663162293384 27
38.081 7.725651561963333 26
38.241 8.628607469770197 24
38.397 5.334037468495908 24
38.561 5.574959384630089 23
38.728 5.8608086282079634 22
38.899 5.121778669270594 22
39.063 3.808071747502249 20
39.224 4.746056891398883 19
39.384 4.157740264972114 19
39.559 5.405409350460838 17
39.721 24923.802421472355 16
39.882 30356.261918902575 15
40.041 31566.676696584 15
40.219 31864.05154336825 16
40.376 31942.942735965153 17
40.559 7043.553181781342 17
40.717 1617.98407124228 18
40.876 411.63001682395856 19
41.038 115.6928331109819 19
41.197 36.97419493646985 20
41.36 23.17569996464996 22
41.521 18.362346021119773 23
41.687 16.068799292446318 24
41.847 15.467844944436067 24
42.008 15.038920060635798 25
42.179 12.232943246142046 26
42.337 11.060848709152292 27
42.491 13.73300174978407 29
42.649 14.524012075195381 29
42.821 21.6326284727068 32
42.983 21.584035495839018 32
43.143 21.57519092461809 33
43.306 18.34295214858184 34
43.465 19.223444727426294 35
43.623 11.088346600563842 35
43.784 12.964070920180149 37
43.949 11.681110007574198 37
44.132 11.278760855837874 38
44.319 11.064104587443792 39
44.499 15.662773492064833 41
44.673 15.16965065181887 42
44.842 15.09715980032185 42
45.005 15.097825957746746 43
45.165 15.093399635314046 44
45.333 12.271167804088943 45
45.523 11.02138248058807 46
45.689 12.184132987168173 47
45.884 12.62532465721852 48
46.087 12.75008212320785 49
46.271 12.48477709117098 50
46.444 10.697316321361606 50
46.621 9.92312601349011 51
46.785 9.557351981778789 52
46.95 9.451591982360588 53
47.114 9.889878847801073 54
47.272 11.762739349622393 55
57.479 13.106621593119858 56
57.655 1095.8254597830867 101
57.817 1385.0401912907028 103
57.982 1474.533484102809 105
58.156 1493.6388726636499 105
58.315 1500.1478865752892 106
58.475 420.8072661473311 107
58.638 133.29643315736988 108
58.796 44.33514721954782 109
58.977 25.605576248666296 110
59.152 19.01086976621951 111
59.336 16.24126790673677 112
59.497 14.702267020198178 113
59.655 12.192774010262774 113
59.835 61.059442980421245 102
59.996 64.22233099935143 103
60.162 62.40216934618801 103
60.323 152.71821618556598 117
60.483 181.0821886667137 118
60.646 140.6147400026225 119
60.822 140.64160938910575 120
60.986 144.266870571418 121
61.164 52.59986848375895 121
61.32 28.10810372126158 123
61.48 18.229929766952566 123
61.638 16.90597949245696 125
61.818 16.062686199493072 126
61.983 18.01545113940557 127
62.161 16.59504153938086 128
62.329 18.005937080788442 129
62.492 18.76519378416163 131
62.656 16.779235551668066 131
62.819 15.703010711918674 132
62.983 17.469611540850426 134
63.159 16.102340694593053 134
63.319 12.788435753565754 135
63.485 13.752971924470417 136
63.664 14.487430559381098 137
63.834 12.468357761463565 138
64.0 13.761841854659584 139
64.173 14.354292779918328 140
64.331 17.338331708631934 142
64.497 16.234408254472978 142
64.654 16.160074562073838 143
64.815 19.091119264896474 145
64.978 23.382656805328 147
65.148 19.697817109188943 147
65.346 20.30931815330537 148
65.516 20.113209695995607 149
65.683 17.1059978772939 150
65.843 12.599897299044537 151
66.003 13.249592416348495 152
66.16 13.387160143872826 153
66.323 13.445084476903283 154
66.482 11.544786869421477 154
66.653 10.728403261018164 155
66.811 10.295903039327044 156
66.965 10.399981457648153 157
67.125 10.35471854607628 158
67.284 12.215400736701525 159
67.446 13.12718756195935 160
67.608 13.856068898990712 161
67.779 14.119859173857378 162
67.944 14.233685736963464 163
68.132 14.28234517108049 164
68.296 14.451826600155803 165
68.456 17.151725574860876 167
68.625 15.881121064675835 167
68.789 15.334818805816576 168
68.97 14.97023654907658 169
69.152 17.37607258483672 171
69.333 13.44741441023432 171
69.559 14.152189264785466 172
69.73 17.345504510860977 174
69.905 181.37921649369363 154
70.075 269.103939284191 176
70.243 289.6294411523069 176
70.402 425.58852045428057 156
70.563 525.832199480324 178
70.727 442.421732821244 158
70.884 360.4065035690602 159
71.045 339.8603470834913 159
71.202 202.54575171160724 161
71.365 97.20598001839046 161
71.566 21.03600349755161 164
71.727 11.946732467710538 164
71.881 12.817964778930024 165
72.041 12.71611305768354 165
72.207 16.527495705658524 167
72.368 13.13003369577072 168
72.529 14.405696410655262 169
72.708 14.683775062972918 170
72.88 16.753449522021953 171
73.045 13.44011975878083 171
73.213 14.384492259379801 173
73.377 12.491216473854626 173
73.555 11.73157567077454 174
73.72 9.417157170570746 174
73.884 20.174999477354405 178
74.05 16.863935841288246 177
74.209 17.689814614692523 178
74.368 332.5664465871851 202
74.535 380.3796267791273 180
74.696 543.6601638804449 203
74.856 603.6773954963174 205
75.013 739.0221101795698 183
75.184 443.5380019604041 184
75.343 598.3317942681622 207
75.502 479.54711562394846 208
75.662 559.180216863426 186
75.82 555.4591375831316 210
75.98 574.1362106061952 211
76.141 507.4072592893868 190
76.303 472.3424248712121 191
76.473 335.55325732214266 191
76.633 202.475800009612 191
76.793 165.92599579836687 194
76.955 306.2019224972247 216
77.114 360.35207114725574 217
77.303 374.3617408408065 217
77.464 573.4041633165709 194
77.631 695.5292658697692 219
77.789 456.49800920288965 220
77.947 395.96378174740266 221
78.107 560.4682285604823 199
78.273 477.6044216226626 223
78.427 387.17976243163406 224
78.587 363.26449934842844 225
78.743 355.62951235411157 226
78.902 351.74147467242733 205
79.064 338.8599190090139 228
79.223 335.82206306879607 229
79.382 334.37125939386874 230
79.546 337.7287902575745 232
79.706 161.79102504588477 232
79.872 60.607874634360826 233
80.033 30.959579978968172 234
80.201 21.44963270375367 235
80.368 11.797770449150578 235
80.525 12.787397833847972 237
80.683 11.189588787645976 237
80.844 10.509235453436297 238
81.002 10.012976603143986 239
81.218 10.113516189875455 239
81.382 10.658050845534174 241
81.541 10.914537145397887 241
81.712 9.430311888981217 241
81.896 7.256764572134515 241
82.06 6.548213482962059 241
82.217 25206.917279337038 241
82.383 30749.511968733386 241
82.542 32011.339858730007 240
82.713 32310.76987472955 239
82.881 32385.525007655167 238
83.044 7195.581683344482 238
83.222 1656.9567170557077 237
83.392 400.06875289285824 235
83.552 103.14802256759465 234
83.712 30.138783772807834 233
83.869 16.781012994206126 232
84.098 11.491547125923747 232
84.322 316.93205833225403 207
84.494 391.3639862467312 206
84.676 522.8453082834739 228
84.862 685.2228189943028 202
85.028 809.2471648544356 226
85.191 520.5721760966751 225
85.35 446.0994789975356 224
85.506 568.131280263621 200
85.669 471.26617307142 222
85.836 515.1754614955922 198
86.002 586.0810130284102 220
86.162 732.3871203468068 196
86.319 516.2170372213762 195
86.481 614.0173091966733 217
86.642 576.0270631669746 192
86.816 619.7356927186124 216
86.973 488.3450559388595 214
87.153 666.4908639551876 190
87.332 591.9191054986419 213
87.488 632.1312471677068 188
87.649 601.23797740986 211
87.81 602.3813022685787 210
87.976 387.2701606685316 209
88.138 511.89038685968194 187
88.296 397.333934389246 186
88.46 307.28110676288776 185
88.616 298.58612949928147 183
88.779 303.6053658842358 181
88.941 90.08250242051955 181
89.105 266.0238875173755 203
89.305 293.27763015576323 202
89.481 289.4768809465836 201
89.641 526.5888353758655 177
89.801 595.8286952415675 199
89.962 493.6370836335343 177
90.124 493.69801336588955 175
90.282 507.5137480510547 173
90.489 267.04145221908885 173
90.651 197.17187973798045 173
90.816 70.12754422743181 171
90.978 27.29512149979356 171
91.133 7.795826176942729 170
91.292 4.775932908221504 169
91.463 6.9217061414803 167
91.639 4.880420228400897 167
91.8 5.044313561105772 166
91.96 4.474184971306207 166
92.129 5.252952309982764 164
92.289 3.8894540235403907 163
92.451 3.6192973176381185 163
92.608 5.273787985317247 161
92.766 6.747451705696013 160
92.926 5.187259488641232 160
93.084 3.891941221033708 160
93.243 4.043799181159567 159
93.412 3.8747783476122475 157
93.569 3.819199641920363 156
93.728 4.925797219773111 155
93.891 5.006069908536861 155
94.05 5.167833539923259 154
94.205 3.188658416852932 154
94.368 3.3774465693721467 152
94.533 2.3581873508873215 152
94.693 181.954004810032 171
94.854 224.82465628587073 171
95.023 359.8169033652732 150
95.18 413.85173765832127 168
95.338 538.3906048297376 147
95.515 393.4128718749871 146
95.673 356.9475531498604 146
95.856 223.13487759896455 146
96.016 170.5973042408898 144
96.173 226.7186967064327 164
96.333 218.02258496767587 162
96.496 217.60494865808303 162
96.657 216.93471400654434 161
96.815 213.8625742270866 160
96.971 34.68883425062397 158
97.131 8.906474267117026 158
97.289 3.0893560817218426 157
97.463 2.603273200566243 157
97.623 4.510209390378217 155
97.785 4.0542804743491505 154
97.942 4.009452558793713 154
98.111 3.9131010135044377 153
98.273 4.613280058722049 152
98.435 3.5788039190108423 151
98.616 2.3673822254805943 151
98.794 2.605693637460917 150
98.961 4.337042066186764 148
99.127 3.905780256157053 148
99.286 5.35583473886032 146
99.454 5.578276764509595 146
99.655 5.872827571120155 145
99.828 6.295067198505084 143
100.021 6.353560263376644 143
100.182 4.754110256475291 142
100.346 5.335257256711179 141
100.505 5.719019509580126 140
100.674 4.125314055642594 139
100.832 3.8361942856190647 139
101.0 3.414981029842985 138
101.17 3.179041354031772 137
101.343 2.7456615661711057 136
101.5 2.5060580814478604 135
101.665 5.142029888893278 133
101.836 6.459244818467454 132
101.992 7.136379176210344 131
102.161 7.5305377557669715 130
102.326 7.92117825112693 129
102.483 6.421645059592055 128
102.642 4.881654368185583 128
102.802 4.094709775626607 127
102.96 3.8138562853198903 126
103.124 3.4976907702160944 125
103.287 2.3511350513160565 125
103.449 3.995450863752991 123
103.616 4.776754032538731 122
103.783 5.055209211941569 121
103.94 5.330764361346597 120
104.096 5.374143714075254 120
104.254 4.105032583104857 119
104.414 3.5516736426326414 118
104.573 3.3278796828599724 117
104.737 3.0536994212708217 116
104.894 3.8480519466810796 115
105.082 6.3229691944912325 113
105.261 5.948968091358477 113
105.433 5.787376675292518 112
105.592 5.7148331658649125 111
105.759 5.711197558444385 110
105.939 3.6712533802303997 109
106.111 4.417274111040587 108
106.274 4.6138197323164665 107
106.434 3.8624666612144463 107
106.597 4.667394577539928 105
106.755 4.847069565981178 104
106.913 4.894022283632526 103
107.075 5.198075546319634 102
107.234 6.362148679183846 101
107.398 5.642603823404872 100
107.568 4.576187460052609 100
107.736 5.086842011819794 98
107.894 5.153540114612374 97
108.058 4.953091422557643 96
108.223 4.939789127919329 95
108.392 7.897634287145171 93
108.557 6.636600816106047 93
108.721 6.056316342166308 92
108.877 5.77092506506097 91
109.054 5.573967513515643 90
109.212 3.456185511966359 89
109.375 4.049117061782427 88
109.535 4.38774929013525 87
109.697 4.578683669651517 86
109.86 4.776030925642738 85
110.025 4.821534932254331 84
110.18 4.682861130200299 83
110.389 4.559019823232325 82
110.561 6.615240533830413 80
110.745 7.315678966550835 79
110.917 7.840078203631185 78
111.086 8.243096755629324 77
111.272 7.507730363817313 77
111.701 6.2020243621775375 75
112.085 7.898525452539618 73
112.343 14.140333665488157 70
112.659 19.13814967500516 68
113.125 21.90223387263943 67
113.435 27.935371959324954 64
113.757 30.404772113738886 62
114.198 31.95789696367864 59
114.695 42.65043279203891 55
114.877 54.73192264923426 52
115.054 52.48374196584488 51
115.221 47.366936723363175 51
115.386 38.94451835582483 50
115.565 24.718902344237883 48
115.733 11.210151245367893 47
115.899 6.807857474052323 46
116.057 7.099998994625238 45
116.223 9.210229577158826 43
116.385 6.890404267831094 43
116.56 6.135644151004849 42
116.735 5.857804920420556 41
116.909 5.735961015655441 40
117.087 3.791746644724754 39
117.283 4.321045941540311 38
117.456 4.660369997308702 37
117.63 6.708776155831153 35
117.788 7.509523493959993 34
117.947 7.854159626243469 33
118.106 7.054975939361402 33
118.262 6.5043520352627535 32
118.429 3.694855223356848 32
118.597 3.6628406022492266 30
118.761 5.711380534292012 28
118.921 6.085884409638091 28
119.081 6.312857893406056 27
119.245 7.190085508737949 26
119.403 6.437769780711559 25
119.572 4.040599980349272 24
119.728 4.440206810369341 23
119.901 4.616726942246533 22
120.068 4.705882947815983 21
120.23 4.820083627389487 20
120.389 4.99963743143535 19
120.555 5.196496707881723 18
120.727 4.426694365093763 18
120.886 24873.71836920462 17
121.048 30401.16287175734 17
121.213 31697.618231721543 18
121.373 31988.028397058017 18
121.544 32067.3169222425 19
121.735 7239.748346856151 22
121.894 1732.9065800242902 24
122.051 444.80307246233593 25
122.25 155.75773406524854 25
122.422 81.85721264547185 27
122.6 43.15758613778968 28
122.783 22.750025977942453 28
122.959 17.821270558630985 30
123.122 22.095523899291592 32
123.3 18.515003997622056 32
123.467 16.88792719773161 33
123.625 18.53986159230291 34
123.789 16.950407752817355 35
123.947 15.906029954090215 37
124.133 17.97957415483983 38
124.307 16.88314485962288 38
124.468 15.993430486396376 39
124.64 18.25623921522175 41
124.804 14.087828949310587 41
124.964 12.229406549071793 42
125.134 13.355470954252688 43
125.295 13.993829186290487 44
125.457 11.322727690544088 45
125.623 12.620558154147481 46
125.78 11.5389618694423 46
125.944 13.670407298463605 48
126.109 14.56318207766972 49
126.266 15.310319197462157 50
126.43 15.327747763424952 51
126.589 16.974960725424687 52
126.756 15.160534712076792 53
126.925 12.501554998679833 53
127.082 13.272431661618821 55
127.249 13.658181853552252 56
127.406 14.183509449176956 57
127.567 12.493794704650908 57
127.722 16.097645543107436 59
127.888 13.51437252251593 59
128.056 12.415554506077882 60
128.235 14.336526480988262 62
128.398 17.461534002265132 63
128.554 16.515487498782665 64
128.724 17.950619549369407 65
128.886 18.777427857173528 66
129.064 16.485169787201148 67
129.236 15.001436856380241 68
129.396 14.619073991156014 69
129.553 12.728084626961037 69
129.71 14.155471221719475 71
129.867 14.749797291146194 72
130.024 15.187214258209991 73
130.187 14.98614761498454 74
130.347 14.885124822307413 74
130.508 12.562023950005644 75
130.666 11.765337908590963 76
130.824 14.476186393979383 78
130.989 15.830766975817756 79
131.153 18.81690610056437 80
131.31 20.084040946013477 81
131.496 23.515039774192054 83
131.663 19.60992194827595 83
131.848 20.224607575673033 85
132.021 23.09279359333781 87
132.186 21.647378260156874 87
132.369 17.88190261241661 88
132.53 18.951958631905864 89
132.688 16.920600760226726 90
132.849 12.832266671944243 91
133.006 13.742899551151694 92
133.164 12.462868383079531 92
133.341 11.315277825912226 93
133.507 13.462964987566794 95
133.664 14.747599012657382 96
133.831 15.043437328397744 97
133.992 17.100798189864413 98
134.152 17.932978996970057 99
134.313 15.593109545495851 100
134.47 12.461713874525348 100
134.629 11.180597489118625 101
134.786 10.322690097598462 102
134.945 9.943156022308365 103
135.104 9.833377374833608 104
135.266 9.922860755219538 104
135.426 9.948809804774008 105
135.587 9.980749331700764 106
135.75 10.271026544650486 107
135.919 10.463078546272712 108
136.077 12.046714376349993 109
136.246 13.095226487015918 110
136.41 13.671790105440461 111
136.568 14.049331375880293 112
136.731 12.376186943391847 112
136.893 14.347294181310321 114
137.049 14.91848336959983 115
137.214 18.09312045744305 117
137.375 16.818170724440993 117
137.534 56.22890141406957 107
137.697 69.37165401258177 105
137.853 131.82253532596312 119
138.019 154.54751991116527 121
138.195 160.51406484405697 121
138.365 124.60040368064655 122
138.532 113.44602227842432 124
138.7 49.465283910162356 124
138.863 23.120217078146837 125
139.024 17.818767626223345 126
139.183 15.802287816584018 127
139.359 10.120040252445179 127
139.529 12.337836088386684 129
139.703 11.060903345926395 129
139.865 10.86156590742593 130
140.03 11.036366483825816 131
140.185 13.09658840372839 132
140.395 14.854840311499318 134
140.584 17.743945880179382 135
140.747 22.238864680534594 137
140.899 21.16708975417358 137
141.057 20.516765058331558 138
141.233 15.418576547616908 138
141.4 15.59029805938356 140
141.574 12.149120991473962 141
141.736 13.676592477158604 142
141.899 12.541513216930735 142
142.057 15.994232215052968 144
142.217 13.149041804398752 144
142.39 11.916158337929513 145
142.556 11.320077239753163 146
142.728 12.802169848802075 147
142.893 13.919564053750932 149
143.064 14.156098722128343 149
143.228 14.273675112353825 150
143.385 14.22398531227904 151
143.55 14.403945974245971 152
143.709 11.664509498210467 153
143.866 13.041640604073688 154
144.028 13.869250703365376 155
144.191 14.063374270848332 156
144.359 14.319313686974143 157
144.53 14.955496910008595 158
144.69 14.834019552751291 159
144.848 14.725990773193399 160
145.007 14.797274790689114 161
145.179 12.763596744682548 161
145.337 13.616445106177673 163
145.514 14.246887749968714 164
145.676 14.56039826800381 165
145.849 14.401107816147354 166
146.029 16.164738912500876 167
146.207 14.915597944717385 168
146.388 14.346442482015307 169
146.551 14.216900394955397 170
146.711 14.42086590911039 171
146.869 164.7697295311393 152
147.034 193.2027133133992 152
147.249 196.33489272803084 152
147.413 194.52039209297968 155
147.575 192.1489174694912 155
147.74 39.294249263306114 155
147.897 11.226264493894485 157
148.057 6.308219322605802 157
148.216 6.978535870869128 158
148.38 11.431185112985816 160
148.54 11.374584294563105 159
148.7 11.472264531096574 161
148.864 10.446760954381567 160
149.021 11.741625177205817 162
149.184 9.58070499893531 163
149.35 15.116182697113118 165
149.51 12.198825319598194 164
149.667 15.650726076655484 166
149.843 15.852742878389243 167
150.01 15.982588828884957 168
150.175 13.186915693204352 169
150.357 13.771438254282163 169
150.527 12.09847009401816 170
150.701 9.330155984978841 170
150.863 13.379626645260291 173
151.028 12.353845892639962 173
151.184 13.868800323133527 174
151.363 12.860799669487351 174
151.528 16.08613233996842 176
151.691 12.385315548081362 177
151.856 310.5722862416276 200
152.018 350.3540677175529 179
152.176 527.3952283622597 202
152.349 575.4532349953149 203
152.505 733.8962114476551 180
152.663 452.7771684455073 182
152.821 414.0440894842023 182
152.99 236.12817643841157 183
153.148 502.12654630210574 208
153.305 411.3877071197746 184
153.464 583.1209928460743 209
153.623 634.6184389772018 210
153.793 653.6284523334909 211
153.962 514.3229518639054 189
154.131 546.9027568513991 212
154.292 469.17683333232384 190
154.449 563.1402192739572 214
154.616 635.1494279896251 192
154.777 619.0507603156478 216
154.937 573.3805355870822 218
155.095 599.2725649952566 196
155.257 585.9113265769572 220
155.444 534.756352910139 221
155.621 525.1064897974729 199
155.786 597.1034680865498 223
155.951 497.71894546486845 224
156.113 382.4210337058498 226
156.277 347.91763912870573 226
156.44 202.07604329727067 228
156.599 74.3595533752452 228
156.761 37.42515562745816 229
156.92 19.833095747320446 230
157.08 20.339940897435852 232
157.238 14.803712459198689 232
157.404 17.80903901367889 234
157.565 16.82081396694694 234
157.73 16.02692200711839 235
157.888 12.80125790808776 236
158.044 14.003754815963253 237
158.204 11.605829874810865 238
158.362 13.103973503557357 239
158.523 13.954531150908586 240
158.688 13.946480416488965 241
158.845 12.442170827767914 241
159.009 10.268948481910622 241
159.166 7.451447788913186 241
159.332 4.828432551478025 241
159.492 24990.869530335298 241
159.653 30502.080306345582 241
159.812 31758.098435917254 240
159.968 32032.618171871305 240
160.139 32101.35851739076 239
160.308 7126.261922656842 239
160.482 1985.091360718292 214
160.644 773.2196310349084 236
160.804 505.43912891865114 235
160.968 437.0059216500135 234
161.131 694.3134024648697 210
161.295 416.44827367149026 207
161.457 548.1233923674517 232
161.621 566.0273415324358 230
161.782 776.3345971295181 206
161.947 570.1183626066397 204
162.11 676.2789841589833 229
162.27 529.1403664190135 227
162.431 508.3548443664272 226
162.591 549.4969234681471 202
162.753 560.6718405082222 200
162.91 514.058310756244 223
163.073 512.6534954550245 222
163.234 512.2295863361397 221
163.4 260.39848711664627 220
163.557 456.81375188350944 196
163.717 373.1487597203863 195
163.876 364.7262938688702 194
164.033 371.9477669767226 192
164.204 592.9685506912459 215
164.36 417.4639596869307 191
164.525 375.0761888917574 190
164.686 549.9594401180861 213
164.858 575.1652719245792 212
165.023 510.29767900933126 190
165.18 463.563585435681 188
165.335 464.19841349105025 185
165.495 278.591144375456 184
165.653 243.90634004509116 184
165.814 90.70110315478667 182
165.973 42.48848661502659 181
166.132 16.541765186205588 180
166.297 8.007844506727984 180
166.456 6.572626772885655 180
166.617 4.743237171141532 178
166.777 3.092678854130045 178
166.935 3.642805150491347 176
167.107 3.7663410646857693 176
167.263 4.411814930733815 175
167.43 4.0215098572690415 174
167.586 3.9325552877918306 174
167.755 1.895623817401667 174
167.926 5.232612538618236 171
168.095 5.137534027919395 171
168.255 5.084522251176239 170
168.416 5.869451757681488 169
168.577 8.647772771662332 167
168.741 5.3198571534012835 167
168.899 5.394419683386815 166
169.064 5.294117088559216 165
169.238 5.366154041859172 164
169.397 3.6336573581359426 163
169.564 3.402801393596262 163
169.726 4.5610491738410195 161
169.886 4.051650763941929 161
170.049 3.692259465391042 160
170.214 3.3581303791252233 159
170.393 4.093901665737971 158
170.568 3.115931198669945 157
170.731 3.093802406406676 158
170.893 5.737173030562831 155
171.05 6.813318025512391 154
171.208 6.232586809194198 154
171.377 5.979640286004058 153
171.533 5.814124061669863 153
171.692 2.939970294507815 152
171.851 1.7237834372708982 151
172.013 177.76180471423757 170
172.208 249.17740986326416 149
172.368 342.7565979173432 168
172.542 359.0081066165608 167
172.704 502.9849984726577 147
172.883 374.0290837301647 145
173.064 410.2895151053963 164
173.235 425.48616369096567 142
173.395 431.35133155975075 142
173.589 402.0754239198274 160
173.772 375.9518315034621 159
173.96 270.4755520824701 158
174.119 161.91642913872184 156
174.284 140.15982571260943 155
174.443 24.93585801161489 155
174.601 4.139030167284566 154
174.796 2.0220366717968266 153
174.956 2.6165812133354396 152
175.117 2.818333366708627 151
175.277 3.801251511054195 150
175.434 4.3497198849296375 149
175.59 3.8223053594035683 149
175.754 3.415428417117289 148
175.916 3.227766292415784 147
176.072 2.894748886182432 146
176.234 2.7918895453424017 145
176.394 5.21784265232974 143
176.568 5.141967772781164 143
176.725 6.596723128305339 141
176.9 6.1517167922697995 141
177.06 7.571726670038084 139
177.216 6.721697373302336 138
177.38 6.56641179676195 138
177.555 4.8867326697674836 137
177.724 5.441611403285001 136
177.885 4.0177606484734625 135
178.06 3.2661184583786715 134
178.218 4.081671442114274 133
178.374 3.6767297858207453 133
178.535 4.677339587299018 131
178.694 5.0094684048479845 130
178.861 4.189145449517157 130
179.024 5.244941342179993 128
179.186 5.370282778083993 128
179.344 4.184454303545432 127
179.51 5.417428464838503 125
179.669 5.604658942119201 125
179.845 5.665501989966732 123
180.027 5.723671831934965 123
180.2 6.950626646211305 121
180.366 128.6237199292649 106
180.544 170.18146861808 104
180.703 217.7182813101466 118
180.865 224.95952690647778 117
181.04 223.80647075959257 116
181.223 173.24507041955997 103
181.385 141.71155414735654 113
181.553 95.04051731432007 113
181.712 87.64774826930713 112
181.87 87.07786095546086 111
182.027 13.997933592043742 110
182.189 4.3952889396440105 109
182.348 2.2945265590950057 108
182.513 3.156141973052218 107
182.678 3.935647628317697 106
182.838 4.440553402332486 105
182.993 6.375962080143 103
183.15 5.7520645875496 103
183.336 6.867207398784743 101
183.494 7.411129893921339 100
183.658 7.672619264935268 99
183.821 6.081391717970529 98
183.978 6.874746904882922 97
184.139 4.892942075693782 97
184.307 3.98468233766997 96
184.467 3.4538526019739955 95
184.627 3.194592842951205 94
184.806 3.0892882955350274 93
184.964 4.045939586401438 92
185.147 4.510679709298978 91
185.412 4.984566882177974 90
185.783 5.3133385678773255 89
185.994 5.498866981641692 88
186.22 5.340109524582169 87
186.463 5.277663862404761 86
186.701 6.950907732462674 84
186.913 10.095627668320141 82
187.17 11.137439242134205 81
187.433 11.743540146619173 80
187.69 14.092581641786236 78
187.941 13.215328032032662 77
188.211 12.390970771505092 75
188.451 10.657939318506441 75
188.723 11.507062424728993 73
188.926 12.129734532418372 71
189.195 12.36013503776161 70
189.581 12.4674382287677 68
189.819 14.08458501880353 67
190.087 15.478838085514859 65
190.369 13.917762037618601 64
190.767 15.739240091736875 62
190.977 14.127066065888178 61
191.162 13.34370551424316 60
191.375 12.536287602254102 58
191.598 11.793786239143653 57
191.796 9.037534647539248 56
192.114 10.090313643966049 54
192.311 12.765888647948211 52
192.494 12.003938428249612 51
192.671 14.12356597533846 49
192.925 14.679930604379443 48
193.143 12.809277201425507 47
193.391 14.928038972655713 44
193.573 15.813066222748184 43
193.755 13.643780145016242 42
193.938 12.007147426848462 42
194.122 15.233198228028169 39
194.279 9.930532732964181 39
194.442 7.655163594215886 38
194.601 7.03507587621574 37
194.756 7.737927797064542 36
194.913 4.342883244774958 35
195.076 4.453516114237879 34
195.249 4.756278861197147 33
195.415 4.8357367360005625 32
195.604 4.086244333658151 32
195.784 5.006557997939702 30
195.987 7.7041441851224555 28
196.244 7.074277897135115 28
196.442 8.419502810469066 26
196.603 9.848083584762229 25
196.767 9.289550679439444 24
196.935 6.801260790577325 23
197.09 7.306976229291483 22
197.248 5.842881675110032 21
197.412 7.04885790616184 19
197.58 6.078428446158489 19
197.737 5.6419735794212915 18
197.905 24812.349281452294 17
198.063 30220.61947767054 16
198.225 31431.203063375677 16
198.385 31729.56465314136 17
198.542 31809.776504869766 18
198.699 7020.978378590631 18
198.854 1620.0980679566708 19
199.019 411.8455203566837 20
199.175 116.83635243657862 21
199.345 38.988667523513385 22
199.507 23.015281950641203 23
199.666 17.379418892363816 24
199.839 15.14080327730589 25
200.022 12.432830174779332 25
200.182 13.785565639886222 27
200.34 14.34092317392838 28
200.507 14.50816922012903 29
200.671 14.67765060368253 30
200.834 19.595692115614945 32
201.005 17.049010473430904 32
201.164 15.985193264496043 33
201.323 15.920420621566471 34
201.489 14.038107359248169 34
201.649 12.390313745072554 36
201.808 16.976312812902723 38
201.977 16.454349172262887 38
202.137 16.031284229466394 39
202.305 17.248947284114692 40
202.493 15.695314807125266 41
202.664 12.177613460844222 42
202.828 13.14454085434932 43
202.998 13.802445838826188 44
203.157 14.344531344484896 45
203.319 14.28512908016705 46
203.48 14.240837658030282 47
203.646 14.276458825710607 48
203.811 14.210002961753425 49
203.984 14.143432703033454 50
204.162 14.44232486736173 51
204.325 14.235002111384677 52
204.488 13.888731483208865 53
204.649 11.908530470843276 53
204.814 10.80721268619334 54
204.989 12.533560373882278 56
205.15 13.681064710316841 57
205.314 12.225418439219208 57
205.473 15.64826689232602 59
205.631 15.443495781219987 59
205.8 12.90582595611798 60
205.957 14.443054372358176 62
206.116 15.117508274649898 62
206.271 15.483157037347393 64
206.428 17.475175518076302 65
206.594 16.543998023234817 65
206.756 13.0275638661563 66
206.914 13.76105277503175 67
207.071 11.608874149785771 68
207.232 10.629651801328025 69
207.394 10.299563010219892 69
207.566 10.23409319482991 70
207.741 12.52738683087992 72
207.902 13.560192197106778 73
208.068 12.214633838362335 73
208.226 13.287211337988817 74
208.384 13.834431607978832 75
208.544 9.805420706418559 75
208.702 7.8606951865925545 76
208.862 8.846214826179837 77
209.032 9.361007532621793 78
209.211 9.677721934151432 79
209.387 11.50875351306429 80
209.546 12.89019427422468 81
209.704 11.764212162864476 81
209.86 13.502323074724284 83
210.019 12.085023182346944 83
210.179 11.487749846923013 84
210.335 10.802760486629964 85
210.495 12.434334638402985 86
210.656 10.823905890402592 87
210.813 12.127216365137535 88
210.982 12.704650976150184 89
211.152 11.318694763062298 89
211.311 10.464007825293493 90
211.486 10.156890424155998 91
211.656 10.374407669271243 92
211.817 10.771890266279174 93
211.989 12.81752689789865 94
212.162 16.850043869898755 96
212.32 18.541422461875435 97
212.502 18.83135508767297 98
212.663 18.772367049078856 99
212.824 16.699199266425527 99
212.982 12.781651851291656 100
213.142 11.472054495272621 101
213.335 11.296299635579299 102
213.501 14.096984484991424 104
213.662 14.96772539246816 104
213.832 18.225432250992412 106
213.995 17.118360067766336 106
214.154 18.830731712215112 108
214.34 16.52181333219321 109
214.5 17.706826396264837 110
214.673 13.493768705666335 110
214.85 13.62013248950033 111
215.009 11.497403352052125 112
215.181 65.62732244158003 100
215.347 106.59025253114802 114
215.507 140.25591347711645 101
215.672 139.88051556944535 103
215.835 137.56099857719096 104
215.993 199.08135518975604 119
216.155 182.6943557190737 119
216.385 159.54092979306444 120
216.548 163.849999628569 121
216.707 215.85363091697653 109
216.88 111.6746033707712 108
217.072 85.00578402261229 109
217.262 73.68469258652554 110
217.437 202.7005102961906 126
217.61 191.5718268291282 127
217.785 186.6702080788761 127
217.944 195.03801770194963 129
218.107 197.644302284931 129
218.274 63.87619837977591 129
218.433 27.51271474975289 131
218.601 21.181852181032113 132
218.785 15.033315561209207 133
218.939 15.263219594443159 134
219.121 17.287184324767207 135
219.284 15.525484184830908 136
219.445 14.940567194296928 137
219.638 14.592449881230216 138
219.829 14.659159702486544 139
220.006 14.55656703622998 140
220.174 17.44593828471989 142
220.36 16.279575743560983 142
220.541 18.37688350917136 144
220.699 22.13166827753023 146
220.879 21.291049470397354 146
221.059 17.84205560628121 147
221.239 18.44295494086505 148
221.415 15.923132777087698 149
221.596 9.93248268996431 149
221.779 9.745772493625466 150
221.957 12.064454715100656 152
222.125 10.873159827126106 152
222.296 10.504607587648731 153
222.454 10.322032965966786 153
222.613 10.188456070917841 154
222.776 7.6327037477472475 155
222.955 8.852715010540711 156
223.119 9.648767705609034 157
223.279 11.85034425564622 158
223.438 13.090131766573624 159
223.601 13.824962423419453 160
223.779 14.063846485546218 161
223.963 14.032807959458731 162
224.16 13.886656716267776 163
224.318 148.9320424025634 145
224.502 223.5217407411147 165
224.676 253.5124478336999 167
224.839 258.9351291040012 167
224.998 258.5849332938651 167
225.156 123.09702050353538 168
225.338 51.0038499368393 170
225.504 19.65680270203411 170
225.664 13.603069287245482 171
225.854 13.841144601442213 172
226.026 186.05169816874982 152
226.19 202.30724535017356 154
226.351 208.18223730725242 153
226.517 207.1246093853355 153
226.683 205.65200843466693 155
226.84 31.598189730463712 155
227.014 11.697341855689135 156
227.201 9.560953790330498 158
227.358 12.478590587525964 159
227.521 14.819572359251152 160
227.678 17.37495196441361 161
227.851 21.572654671565736 163
228.024 20.62661975263474 164
228.192 17.812854054020374 164
228.359 16.274723356487822 165
228.534 15.625486945023749 166
228.706 12.48135114389198 167
228.879 11.065600055426948 168
229.075 10.815507150866733 168
229.248 10.587481349661577 169
229.41 13.133460969502671 171
229.599 11.989538636762012 171
229.771 14.537546581547176 173
229.929 15.537377025038829 173
230.114 19.391663264592463 175
230.282 21.579812546638898 177
230.444 24.417083794070596 178
230.606 22.456512213050146 179
230.768 21.666654616962823 179
230.927 17.921070546415486 180
231.084 12.82517860479997 181
231.242 11.127122278739177 182
231.559 13.086022595481628 184
231.876 368.7133821560083 209
232.123 448.0563346151159 209
232.411 479.74929352981326 211
232.78 655.939176568932 188
233.088 801.4783837998384 214
233.412 551.3710515836751 191
233.706 657.0486729915494 217
234.005 687.7927664890234 219
234.348 531.6797832511296 220
234.802 517.3052106311746 200
234.96 426.0307542076111 202
235.12 239.2798189802356 204
235.284 465.6160705452086 228
235.449 508.5431706836893 205
235.638 590.9007321785464 231
235.85 671.9809777863757 207
236.079 691.6417497430893 207
236.256 695.2795293509156 234
236.417 692.6290476558329 211
236.582 481.76905960233466 212
236.763 385.49153820862614 213
236.922 676.7422483507929 238
237.081 466.31682042147787 239
237.249 430.75403337849 240
237.42 433.9171810254029 241
237.593 440.2085022533624 242
237.767 131.08514642814234 242
237.925 47.56609147412902 242
238.106 20.393529260505403 242
