0.185 0.05263701847326529 24 lat: 40
0.379 0.17028605719682416 24 lat: 29
0.591 1.8669828111145503 22 lat: 26
0.761 3.301265964958156 21 lat: 24
0.957 4.5401290058193 20 lat: 41
1.155 5.561381384045656 19 lat: 32
1.343 5.482853945004992 19 lat: 30
1.529 20.757151477981214 18 lat: 37
1.74 23.041723345612517 18 lat: 48
1.935 24.835466876884936 19 lat: 25
2.123 27.103612155753193 20 lat: 34
2.332 30.446622539570825 21 lat: 35
2.514 16.4899970031112 22 lat: 28
2.697 13.712658792310277 22 lat: 28
2.885 12.87864011952592 23 lat: 25
3.058 15.291943512731208 25 lat: 23
3.229 15.792348723966246 26 lat: 23
3.465 16.104771336219013 27 lat: 69
3.654 18.27476010204508 28 lat: 35
3.824 19.004963883896608 29 lat: 25
4.001 16.10309153430154 30 lat: 24
4.24 18.392337040166154 32 lat: 31
4.412 16.506073409837946 32 lat: 21
4.578 15.477266534767567 33 lat: 25
4.763 15.065301363114402 34 lat: 25
4.95 12.827126551940077 34 lat: 25
5.182 10.886719367180838 36 lat: 25
5.373 10.760503335788487 36 lat: 28
5.553 10.955490924700722 37 lat: 24
5.736 14.379880881603444 39 lat: 28
5.916 17.89632363399229 40 lat: 26
6.123 17.11339940889624 41 lat: 33
6.357 18.70447070956082 42 lat: 24
6.559 19.626181741387047 43 lat: 46
6.771 16.950534735585755 44 lat: 29
6.96 19.188026144113998 46 lat: 26
7.201 19.97814694412999 47 lat: 37
7.499 20.79540255083548 48 lat: 87
7.68 24.422728842369715 50 lat: 21
7.848 25.68133575185957 51 lat: 28
8.023 22.787867729800944 52 lat: 25
8.205 21.727202874880625 53 lat: 30
8.395 21.23026661848957 54 lat: 35
8.585 17.66179448821979 55 lat: 31
8.767 19.878036608085452 57 lat: 32
8.939 20.918534320468908 58 lat: 23
9.118 21.2389366220574 59 lat: 28
9.3 20.94954219349076 60 lat: 24
9.541 20.416794035366703 61 lat: 41
9.719 16.765428255484547 62 lat: 28
9.928 15.23915234181429 63 lat: 69
10.094 14.567815637512256 64 lat: 24
10.259 14.887789876058362 65 lat: 23
10.426 15.359840349045356 66 lat: 24
10.596 15.335309275994051 67 lat: 25
10.761 15.272360360874213 68 lat: 26
10.925 15.648236113405419 69 lat: 26
11.096 15.789776993247628 70 lat: 22
11.256 15.518700548558153 71 lat: 19
11.424 18.807850425998247 73 lat: 24
11.594 17.49402411702208 73 lat: 26
11.762 16.60270234339439 74 lat: 26
11.933 16.06310925713662 75 lat: 25
12.097 14.021897752574668 75 lat: 25
12.263 12.612651114610888 77 lat: 26
12.433 14.753150276032377 78 lat: 26
12.602 15.81122506693072 79 lat: 29
12.769 16.17309204074311 80 lat: 29
12.938 18.219754722918193 81 lat: 26
13.102 16.353354021711915 82 lat: 21
13.267 15.57327806308601 83 lat: 23
13.448 15.251825165911185 84 lat: 28
13.613 15.046041010736058 85 lat: 25
13.793 18.5913025454917 87 lat: 26
13.96 17.318298267781348 87 lat: 26
14.123 16.896199786974396 88 lat: 21
14.291 19.904342846544502 90 lat: 25
14.471 18.307035560876464 90 lat: 34
14.664 17.055992010404054 92 lat: 46
14.832 16.691666314792066 92 lat: 25
15.002 16.262497628922613 93 lat: 25
15.178 15.611763653633648 95 lat: 26
15.345 15.609402648789025 95 lat: 24
15.537 12.522087923166737 96 lat: 32
15.701 13.64591993773989 97 lat: 24
15.872 14.539744133655043 98 lat: 23
16.042 11.99491706256261 99 lat: 23
16.212 13.503665393763491 100 lat: 25
16.393 12.155605839922117 100 lat: 29
16.585 14.260618446799617 102 lat: 34
16.762 12.427849551416479 102 lat: 33
16.932 11.690618158919637 103 lat: 24
17.096 11.40162572728747 104 lat: 23
17.262 16.976239822394017 106 lat: 27
17.44 13.905091305704925 106 lat: 27
17.607 15.010211127522782 107 lat: 22
17.775 15.637123090721468 108 lat: 28
17.945 15.635439941488633 109 lat: 24
18.112 15.454873329000316 111 lat: 30
18.283 15.49872805921045 111 lat: 28
18.446 15.66823050060175 112 lat: 22
18.622 15.598458095961895 113 lat: 27
18.824 15.647237669586634 114 lat: 58
18.985 12.285775634015888 115 lat: 23
19.154 13.550975329982496 116 lat: 23
19.349 14.059639159285673 117 lat: 31
19.52 14.184984448528652 118 lat: 28
19.701 14.142394137290902 119 lat: 28
19.86 12.103531902238739 119 lat: 18
20.039 10.821268249666337 120 lat: 26
20.232 10.084672078478008 121 lat: 25
20.397 9.770666942612609 122 lat: 22
20.575 7.927387569986848 122 lat: 32
20.761 8.917255391338292 123 lat: 35
20.928 9.747358755611987 124 lat: 24
21.096 10.378371375696279 125 lat: 24
21.286 14.062914041603111 127 lat: 36
21.451 14.770877454704273 127 lat: 22
21.615 18.651098112859856 129 lat: 24
21.786 17.676453474417766 129 lat: 26
21.953 17.14159098454112 130 lat: 25
22.12 13.461720560380193 131 lat: 24
22.284 14.93728173487428 132 lat: 23
22.458 12.303481003380346 133 lat: 24
22.626 13.760992298883561 134 lat: 23
22.793 17.718443753899535 136 lat: 23
22.965 16.486009411100863 136 lat: 24
23.132 15.620529786755558 137 lat: 24
23.307 13.333299548662621 137 lat: 34
23.486 12.107490892393475 138 lat: 37
23.653 10.904246973985565 140 lat: 22
23.819 10.808602183458438 140 lat: 26
23.988 10.824946093143978 141 lat: 25
24.152 10.76594551094088 141 lat: 22
24.326 10.76735085512456 142 lat: 22
24.492 7.970633465947458 143 lat: 27
24.656 9.91813164389908 144 lat: 24
24.82 11.067319491158075 145 lat: 27
24.989 13.319143250997769 146 lat: 21
25.156 18.44971885722361 148 lat: 26
25.326 17.874094576733928 148 lat: 25
25.489 20.227083828223567 150 lat: 21
25.659 21.007692188588873 151 lat: 26
25.831 21.38317731232788 152 lat: 29
25.995 17.544802611658064 153 lat: 23
26.159 16.71123954094122 153 lat: 22
26.329 13.367136705369667 154 lat: 29
26.505 12.037400613996779 155 lat: 28
26.671 15.346105976191229 157 lat: 25
26.837 16.74683037691172 158 lat: 26
27.015 19.694206900239767 159 lat: 35
27.18 20.646914180466652 160 lat: 24
27.349 20.93756725256241 161 lat: 22
27.538 16.935729734884372 162 lat: 40
27.715 15.389653563742783 163 lat: 29
27.911 12.459973857232626 163 lat: 47
28.074 14.303361906789265 165 lat: 24
28.241 15.054206796331213 166 lat: 24
28.405 15.456520215551386 167 lat: 24
28.576 15.59466202936332 168 lat: 23
28.74 15.627073213850952 168 lat: 24
28.905 15.418915221098242 170 lat: 22
29.067 15.547790223253852 171 lat: 24
29.233 13.471555504080646 171 lat: 23
29.398 15.390073072739106 173 lat: 27
29.562 15.659884133471838 173 lat: 22
29.734 12.978306864926966 174 lat: 26
29.901 11.511891755719578 175 lat: 25
30.069 11.226286049395705 175 lat: 27
30.231 8.109383686626211 176 lat: 22
30.402 9.404528982276158 177 lat: 23
30.582 10.261498647894417 178 lat: 30
30.764 10.681316592575039 179 lat: 23
30.934 12.999406572571106 180 lat: 30
31.105 14.226662698929648 181 lat: 27
31.272 15.108112713918837 182 lat: 24
31.44 15.271370516441962 183 lat: 26
31.611 18.856906615858815 185 lat: 24
31.786 19.706705650942734 186 lat: 23
31.947 19.87576335683596 187 lat: 22
32.115 17.40941804026455 187 lat: 23
32.318 16.68616252099479 188 lat: 34
32.48 13.360571007044836 189 lat: 24
32.658 15.94291923992788 191 lat: 29
32.869 20.93904724003118 193 lat: 61
33.046 21.995495876905334 193 lat: 24
33.217 25.452562031701977 195 lat: 23
33.386 23.881282837556874 195 lat: 26
33.551 19.742048171129376 196 lat: 25
33.716 17.671172526522124 198 lat: 25
33.882 17.218950869759556 198 lat: 25
44.064 13.575591850934629 199 lat: 30
44.252 20535.562867065113 235 lat: 29
44.44 24257.33330045135 234 lat: 35
44.629 24981.64152392464 232 lat: 34
44.804 25104.258296655928 232 lat: 27
44.965 25138.476090816523 230 lat: 26
45.13 4620.442278127286 230 lat: 24
45.294 902.3550757269008 228 lat: 25
45.458 172.67922178521147 228 lat: 23
45.624 49.37110717793553 227 lat: 24
45.791 14.065510377499834 226 lat: 26
45.956 9.576142994259715 225 lat: 27
46.124 4.685049703134961 224 lat: 22
46.29 4.936610280972952 223 lat: 24
46.462 5.136309681875924 222 lat: 29
46.627 4.826208357564924 221 lat: 23
46.807 4.623522250682573 220 lat: 22
46.983 6.584317825391988 218 lat: 28
47.152 5.898682363978089 218 lat: 23
47.321 7.750075067609705 216 lat: 23
47.489 8.872480273459145 215 lat: 23
47.652 8.133529301194692 215 lat: 23
47.817 5.61798607387165 214 lat: 24
47.981 7.865437620916065 212 lat: 24
48.15 5.210073436445916 212 lat: 29
48.321 6.162323677505757 210 lat: 25
48.491 7.8461640417574925 209 lat: 27
48.658 7.4332791483165375 209 lat: 25
48.823 5.318365197072132 208 lat: 24
48.988 5.915505076000527 207 lat: 23
49.157 3.9576424886921155 206 lat: 31
49.326 3.0850047427565603 205 lat: 23
49.501 3.8925987951956387 204 lat: 27
49.667 6.699794860547518 202 lat: 24
49.833 7.721546096781047 201 lat: 24
50.002 8.154799730910796 200 lat: 24
50.179 8.491232382195484 199 lat: 32
50.353 8.64838846610121 198 lat: 27
50.517 5.461100458359642 198 lat: 24
50.682 6.047617174747918 196 lat: 21
50.846 4.9198608124887055 196 lat: 23
51.004 4.444393400992526 195 lat: 23
51.172 4.189717611479966 194 lat: 28
51.343 4.127951468329909 194 lat: 24
51.511 3.860922452054881 192 lat: 21
51.708 5.152604856454399 191 lat: 41
51.871 5.740510030551169 190 lat: 23
52.035 6.259297067482 189 lat: 25
52.203 6.322034555444399 189 lat: 25
52.376 4.621084682092482 188 lat: 25
52.558 3.932970980696475 187 lat: 33
52.725 5.821315615634603 185 lat: 25
52.898 4.73383826518167 185 lat: 33
53.071 7.0623363766389025 183 lat: 29
53.254 8.067577705077916 182 lat: 27
53.425 8.548305137426112 181 lat: 25
53.59 6.533444900582685 180 lat: 23
53.754 7.451170900273473 179 lat: 25
53.923 6.206608066468492 178 lat: 24
54.1 5.806202627204138 177 lat: 25
54.268 5.57301608002113 176 lat: 22
54.435 5.4001714298945265 175 lat: 24
54.607 5.048347991214369 174 lat: 26
54.826 4.675705045697221 173 lat: 62
54.996 6.588204264039609 171 lat: 25
55.196 7.3278579702389335 170 lat: 38
55.358 7.7360351481444605 169 lat: 22
55.534 8.10381047960313 168 lat: 32
55.698 8.344052380104252 167 lat: 22
55.868 6.391082943758928 166 lat: 25
56.032 5.62778141854289 165 lat: 24
56.241 5.1519557462046635 164 lat: 32
56.44 7.273363602430891 162 lat: 36
56.616 7.8891937677792265 161 lat: 31
56.785 8.279447389639241 160 lat: 24
56.947 8.445553324074336 159 lat: 25
57.124 8.53358219641028 158 lat: 29
57.294 6.393368036159963 157 lat: 27
57.459 5.695759998038427 156 lat: 25
57.633 5.4033843557871934 155 lat: 24
57.804 5.384245318834682 154 lat: 25
57.973 4.379940239998977 154 lat: 28
58.143 5.424327612093522 152 lat: 26
58.312 5.954786001045601 151 lat: 23
58.481 4.960327233836228 151 lat: 27
58.653 6.140912870071792 149 lat: 25
58.831 7.61972122193625 148 lat: 24
58.994 5.564610234601972 148 lat: 25
59.159 4.5349469087365035 147 lat: 27
59.325 5.09572861784351 146 lat: 23
59.63 5.641915198168134 144 lat: 49
59.923 8.419679765795188 142 lat: 25
60.197 13.40735447516656 140 lat: 127
60.483 18.163921919258065 138 lat: 126
60.884 19.968034315586614 137 lat: 252
61.151 24.97398410978222 134 lat: 25
61.493 23.724545875043546 133 lat: 178
61.926 32.29052043456791 129 lat: 66
62.114 36.255505387444686 127 lat: 44
62.542 40.807215356808946 125 lat: 51
63.071 35.85913990153162 124 lat: 381
63.25 40.94650964976838 121 lat: 34
63.418 28.397507558285714 121 lat: 26
63.587 22.633739006954016 119 lat: 21
63.755 15.912691658929285 119 lat: 25
64.689 13.758983694945591 118 lat: 22
65.088 37.444985659075336 111 lat: 95
65.49 44.6195608219614 110 lat: 94
65.926 58.83049163215779 106 lat: 97
66.297 74.02033370938646 103 lat: 95
66.72 82.63108787554799 101 lat: 115
67.135 58.051723083324376 99 lat: 93
67.512 56.08890458419264 97 lat: 94
67.878 49.4833554347366 94 lat: 79
68.277 42.013086884861394 92 lat: 85
68.697 35.63208473188204 91 lat: 90
69.087 32.73471540681831 89 lat: 98
69.51 35.811604481602764 86 lat: 94
69.899 37.0796122054138 83 lat: 89
70.317 37.80014553300384 81 lat: 91
70.71 41.663107964030274 79 lat: 100
71.14 40.042375517543825 78 lat: 83
71.526 38.57371373886859 75 lat: 80
71.92 33.161381189683034 73 lat: 98
72.336 35.435092959622246 70 lat: 93
72.776 36.47684422592806 68 lat: 100
73.172 40.70353200996992 66 lat: 80
73.568 38.869502086974805 64 lat: 81
73.972 34.2784672556814 63 lat: 94
74.35 30.981704393553755 60 lat: 75
74.794 40.329115371881045 56 lat: 84
75.234 49.12939064894124 53 lat: 103
75.658 52.336175485516044 51 lat: 92
76.071 57.564452727937514 49 lat: 88
76.455 61.219521307993716 46 lat: 77
76.868 48.01067167976448 45 lat: 85
77.274 37.52191733373106 43 lat: 85
77.702 33.630001845068115 41 lat: 80
78.139 36.04089576118058 38 lat: 31
78.552 36.83896698112274 35 lat: 41
78.967 40.90246639058108 33 lat: 28
79.376 47.30228950137371 30 lat: 44
79.771 49.49967348616658 28 lat: 32
80.171 50.642917036592415 25 lat: 44
80.561 50.87770724105923 22 lat: 33
80.974 51.09547180709099 20 lat: 31
81.396 50.57000531397578 17 lat: 59
81.801 29733.500783978394 15 lat: 30
82.241 35373.92773258452 18 lat: 59
82.639 36481.28293053568 20 lat: 52
83.07 36723.34050258139 22 lat: 34
83.478 36783.772236364246 24 lat: 36
83.899 7121.003327297644 26 lat: 52
84.311 1485.6915479318209 28 lat: 52
84.73 378.5831061627405 30 lat: 36
85.133 143.99307696079114 33 lat: 30
85.501 91.00961071489161 36 lat: 37
85.916 71.29469629692531 37 lat: 47
86.337 69.04020867286775 40 lat: 42
86.775 67.74169219107192 42 lat: 40
87.193 62.28615759421736 44 lat: 42
87.62 59.131884745529334 47 lat: 53
88.042 63.344846481314825 49 lat: 53
88.447 60.113363291198304 51 lat: 48
88.868 71.73216563497398 55 lat: 55
89.305 75.81661459111247 57 lat: 49
89.743 71.65671120916366 59 lat: 41
90.151 75.73471664567504 62 lat: 36
90.552 77.29755431812706 64 lat: 44
91.006 70.71169651348714 67 lat: 44
91.427 68.36778494929817 69 lat: 32
91.851 68.00879268200282 71 lat: 46
92.25 67.94932805272106 74 lat: 44
92.7 68.08321571653272 76 lat: 44
93.119 68.18994051206664 79 lat: 31
93.552 68.65981280413011 81 lat: 49
93.989 74.82588810505143 84 lat: 69
94.397 77.56093080983212 87 lat: 42
94.827 85.16469500643784 90 lat: 47
95.269 89.3527612546722 93 lat: 86
95.663 97.0128799317688 96 lat: 84
96.069 100.21529685342492 99 lat: 86
96.47 95.16859511841416 101 lat: 91
96.869 87.12015060810639 103 lat: 88
97.316 89.34572999706 107 lat: 112
97.703 90.46308598882118 110 lat: 86
98.078 84.30092608882559 112 lat: 89
98.474 81.01902205967443 114 lat: 95
98.918 78.98585539422581 116 lat: 107
99.319 61.66151535898222 117 lat: 103
99.757 53.35208646154878 120 lat: 96
100.206 56.271911221539 123 lat: 125
100.587 58.30904845507338 125 lat: 88
100.988 66.07059548883072 128 lat: 88
101.407 72.81299678224488 130 lat: 106
101.774 83.42965832388745 134 lat: 68
102.194 81.02876462513044 136 lat: 89
102.578 79.9142979922479 138 lat: 80
102.965 73.31310110477213 140 lat: 76
103.356 71.47510771960293 142 lat: 77
103.777 70.6657864972401 146 lat: 85
104.186 76.58122628035699 149 lat: 80
104.569 79.31879465062441 151 lat: 82
104.949 74.69985206928605 152 lat: 95
105.34 77.07674069597216 155 lat: 75
105.742 65.22107328289836 157 lat: 85
106.115 50.892315409413506 158 lat: 83
106.502 50.08933746565745 161 lat: 76
106.904 60.95162518926647 164 lat: 91
107.293 67.10244762845925 167 lat: 102
107.731 75.76133843084946 170 lat: 86
108.138 82.85499879048193 172 lat: 88
108.53 80.40702490631138 174 lat: 90
108.928 74.37127279606597 176 lat: 85
109.37 71.0304040715087 179 lat: 87
109.751 76.89053156791186 183 lat: 87
110.144 73.57988284978589 184 lat: 96
110.568 84.51640350369762 188 lat: 93
110.932 87.99421294280181 190 lat: 81
111.311 83.84927613382237 192 lat: 94
111.701 75.44349067722897 195 lat: 78
112.079 73.01971205118878 196 lat: 88
112.476 71.84715266459007 200 lat: 84
112.908 70.73875433459949 202 lat: 101
113.329 76.19374412228952 205 lat: 107
113.72 67.11977387948487 206 lat: 97
114.131 74.00175093399362 209 lat: 85
114.542 70.77861710416097 212 lat: 93
114.953 75.60130345540409 215 lat: 98
115.347 71.40447907275126 217 lat: 77
115.764 69.81613781754913 218 lat: 87
116.167 63.769049903612306 220 lat: 95
116.571 67.2339908512083 224 lat: 89
116.951 62.93941517077963 226 lat: 84
117.344 67.41150452361532 229 lat: 88
117.722 65.06820386429195 229 lat: 90
118.128 73.90172965790154 233 lat: 85
118.538 71.28554537418364 236 lat: 91
118.937 70.20760128766295 238 lat: 84
119.305 58.90325039799375 239 lat: 87
119.693 67.8330972943144 242 lat: 87
120.125 53.43717703745038 242 lat: 112
120.578 32353.677120006592 242 lat: 47
120.976 38289.57903867172 240 lat: 33
121.407 39432.73857004547 238 lat: 38
121.822 39687.25363298177 235 lat: 94
122.222 39753.09608077433 233 lat: 80
122.635 7476.744096151225 229 lat: 105
123.051 1551.0745944733612 226 lat: 96
123.482 413.11279829723895 224 lat: 91
123.87 165.04567303469133 220 lat: 88
124.271 106.63727502899839 218 lat: 77
124.666 72.10121493702246 216 lat: 87
125.07 60.19287168597288 213 lat: 39
125.508 56.659292477501495 211 lat: 50
125.952 48.70672222327108 208 lat: 37
126.367 46.68567737999177 206 lat: 59
126.799 46.17687494580088 204 lat: 44
127.198 38.16711489125769 203 lat: 45
127.588 32.58411669237764 202 lat: 36
128.051 24.699044922172696 200 lat: 76
128.455 21.210843228435774 198 lat: 37
128.862 23.667818159267924 195 lat: 52
129.256 27.308677026797824 193 lat: 32
129.693 31.926442113388276 191 lat: 56
130.106 39.68916577163619 188 lat: 47
130.519 38.971703163744635 187 lat: 35
130.935 33.75261812317632 185 lat: 57
131.34 31.992962247223517 183 lat: 49
131.766 40.215668927979685 179 lat: 48
132.172 38.1002870857029 177 lat: 43
132.603 45.59992497743903 174 lat: 48
133.008 54.39769248508807 171 lat: 36
133.404 62.559066928490886 168 lat: 49
133.844 52.24671419622042 167 lat: 66
134.283 58.41316251772837 163 lat: 52
134.697 56.01095516779064 161 lat: 29
135.107 50.09906345828933 159 lat: 58
135.509 43.391132396352695 157 lat: 33
135.944 45.12100518995899 155 lat: 48
136.347 32.62377202938112 154 lat: 36
136.762 32.575718981324705 151 lat: 35
137.181 26.26382445431142 151 lat: 43
137.587 23.25037639280236 149 lat: 40
138.004 21.70920185468934 147 lat: 45
138.438 20.947897525045576 146 lat: 32
138.844 24.56036966076303 142 lat: 50
139.257 31.919269305567497 140 lat: 45
139.703 40.08005880100717 137 lat: 55
140.147 43.15583742924066 135 lat: 67
140.557 47.2026468825524 133 lat: 38
140.977 45.21089673579565 130 lat: 35
141.389 49.48694270484798 127 lat: 51
141.807 45.97084893720605 125 lat: 51
142.258 49.333074809357036 122 lat: 31
142.653 50.84519202345909 120 lat: 92
143.061 51.37483849504477 117 lat: 108
143.461 46.635332974587236 115 lat: 93
143.845 49.8374794765552 112 lat: 80
144.231 43.03371154374751 111 lat: 83
144.641 40.6325270157207 109 lat: 83
145.056 35.02626297741151 107 lat: 93
145.452 32.40125782297632 105 lat: 88
145.879 26.592098868663815 103 lat: 82
146.303 32.8362490022153 100 lat: 85
146.71 35.134288985615086 98 lat: 86
147.102 32.48503648912364 97 lat: 92
147.53 35.53213589806588 94 lat: 98
147.933 36.46338634677208 92 lat: 91
148.341 36.15520437962945 89 lat: 88
148.747 35.57541409062364 87 lat: 96
149.153 49.523868807077264 83 lat: 86
149.567 56.38424589352445 80 lat: 119
149.944 59.084338948105874 78 lat: 92
150.34 61.76092037042291 75 lat: 78
150.776 56.465902971792424 75 lat: 94
151.174 40.81014816421092 74 lat: 88
151.573 32.87582348283202 71 lat: 100
151.97 30.017288646712572 69 lat: 85
152.354 19.82726825814781 68 lat: 82
152.746 22.273272955843233 66 lat: 86
153.185 29.49922028218029 63 lat: 99
153.576 34.37118738386671 60 lat: 90
153.943 41.25456942499054 57 lat: 96
154.342 47.09917232244902 55 lat: 95
154.784 49.786819781418146 53 lat: 89
155.217 51.35801296953487 50 lat: 88
155.614 46.707123532045095 48 lat: 37
156.045 43.883635618594184 45 lat: 39
156.435 47.873938166798666 42 lat: 51
156.847 54.721343679571675 39 lat: 53
157.266 53.037602002312 37 lat: 38
157.694 57.18224664565895 34 lat: 54
158.155 54.876492720865414 32 lat: 66
158.595 49.00583057387586 30 lat: 103
159.002 46.10237429103455 27 lat: 42
159.42 45.47624963819726 25 lat: 48
159.816 39.943677820150754 23 lat: 55
160.246 42.33700394999911 20 lat: 53
160.653 48.2357872603929 17 lat: 54
161.082 31633.187003587827 15 lat: 55
161.974 37756.46106859787 19 lat: 96
162.524 39019.83343047851 22 lat: 121
163.015 39348.61391315059 26 lat: 94
163.54 39441.60530439168 29 lat: 156
163.968 7893.476696177524 32 lat: 85
164.435 1785.002708381193 34 lat: 126
164.882 530.0475095380564 36 lat: 113
165.324 215.66937030131157 40 lat: 100
165.813 124.83047193089763 42 lat: 116
166.253 80.4010914370684 42 lat: 102
166.685 64.14027169771953 44 lat: 96
167.175 63.239692927595115 47 lat: 130
167.739 49.752702970147745 49 lat: 106
168.232 45.92556214086144 51 lat: 106
168.743 66.22008455750444 55 lat: 89
169.265 73.77161370581014 57 lat: 115
169.74 71.18806831266204 59 lat: 87
170.231 75.62637439477531 62 lat: 103
170.736 77.15853390529408 64 lat: 97
171.225 70.31086118758805 67 lat: 112
171.762 68.87155857670535 69 lat: 137
172.255 68.10905324245145 71 lat: 103
172.733 68.08642570389287 74 lat: 101
173.226 68.19907812137012 76 lat: 89
173.754 68.8164745820225 79 lat: 125
174.256 68.9916139469717 81 lat: 114
174.779 76.05229748323406 84 lat: 113
175.283 78.09868542798836 87 lat: 103
175.783 84.63717595984187 90 lat: 98
176.295 87.12394825187482 93 lat: 103
176.773 94.62190229619512 96 lat: 123
177.252 97.27509642970736 99 lat: 103
177.77 92.88333801512928 101 lat: 114
178.3 84.92750204429994 103 lat: 115
178.759 88.20054713967933 107 lat: 98
179.28 89.3867511806318 110 lat: 126
180.05 82.66711177207613 112 lat: 190
180.825 80.00288617773329 114 lat: 173
181.889 78.71732784355217 116 lat: 375
182.761 60.800531402278295 117 lat: 235
183.224 52.15364898407191 120 lat: 97
183.687 55.10165795362876 123 lat: 101
184.253 56.894957370716114 125 lat: 136
184.769 64.58375927486318 128 lat: 112
185.309 71.71279737735281 130 lat: 126
185.837 82.71434830368145 134 lat: 119
186.393 81.59076982379811 136 lat: 102
186.914 80.88181434551106 138 lat: 112
187.398 73.75415224903094 140 lat: 94
187.899 71.90059862910368 142 lat: 116
188.411 71.37175278143583 146 lat: 108
188.901 77.43221290878259 149 lat: 127
189.451 79.63224796141803 151 lat: 130
189.966 75.78945658050523 152 lat: 105
190.568 78.79310532011002 155 lat: 111
191.034 67.29183799030075 157 lat: 105
191.489 51.97415599963852 158 lat: 98
191.93 50.77193573235531 161 lat: 116
192.381 60.933832247239096 164 lat: 115
192.897 66.13667607904858 167 lat: 114
193.356 73.79690636201818 170 lat: 104
193.819 81.0768968801379 172 lat: 108
194.25 78.8462185191302 174 lat: 94
194.69 72.24182533254687 176 lat: 91
195.159 69.071891162847 179 lat: 121
195.574 74.12348315076403 183 lat: 106
196.028 70.56499017025679 184 lat: 124
196.452 82.02934185464215 188 lat: 99
196.902 86.01246167910655 190 lat: 105
197.332 81.76325916155133 192 lat: 105
197.767 72.99662564237721 195 lat: 104
198.187 69.83395093956462 196 lat: 88
198.671 68.08503105677357 200 lat: 126
199.148 67.1659978683751 202 lat: 103
199.589 72.63940221064932 205 lat: 115
200.068 64.38045142566854 206 lat: 104
200.488 71.14793428773365 209 lat: 103
200.943 66.94384973834714 212 lat: 112
201.359 72.05525204510643 215 lat: 98
201.79 68.377499965462 217 lat: 119
202.275 67.47406962869846 218 lat: 129
202.737 62.32403575328634 220 lat: 101
203.175 66.86679892328648 224 lat: 101
203.609 62.43794808065805 226 lat: 117
204.058 66.95943259599343 229 lat: 112
204.516 73.19946146542193 231 lat: 101
204.932 75.77469473954994 233 lat: 104
205.393 70.83618851654384 236 lat: 120
205.849 68.17861722781608 238 lat: 117
206.328 56.79072114456139 239 lat: 96
206.808 56.74432338024312 242 lat: 114
207.282 49.0260992673172 242 lat: 105
207.705 33.80144617643433 242 lat: 106
208.166 32481.78064523715 240 lat: 105
208.592 38455.85720139514 238 lat: 93
209.043 39649.809310523466 235 lat: 121
209.494 39905.46674804494 233 lat: 95
209.919 39999.08370361673 229 lat: 97
210.388 7578.616101745383 226 lat: 113
210.835 1614.9999378314028 224 lat: 115
211.336 429.5053584229666 220 lat: 138
211.778 181.2450703080962 218 lat: 122
212.219 94.87093589909657 216 lat: 110
212.674 67.21786042423068 213 lat: 87
213.223 58.41259628574555 211 lat: 118
213.701 49.24680184877084 208 lat: 87
214.176 47.72534289636437 206 lat: 103
214.67 46.55168837132374 204 lat: 103
215.167 37.775952208936864 203 lat: 110
215.666 31.4748591969315 202 lat: 121
216.16 22.929143798804095 200 lat: 111
216.662 18.83620705727964 198 lat: 97
217.151 21.996368188086763 195 lat: 97
217.662 26.917068646046527 193 lat: 105
218.141 31.95707034056869 191 lat: 127
218.611 39.396689612281826 188 lat: 114
219.102 38.44635098580119 187 lat: 100
219.631 33.39891065538373 185 lat: 148
220.111 31.297975585544087 183 lat: 100
220.618 40.143121050722264 179 lat: 125
221.12 38.56912030027149 177 lat: 115
221.632 46.90761971513988 174 lat: 95
222.131 55.3275887699746 171 lat: 106
222.636 63.873520909100336 168 lat: 118
223.134 53.160992223858486 167 lat: 107
223.61 58.639477763813304 163 lat: 99
224.064 55.620246076554096 161 lat: 100
224.553 49.055027731980644 159 lat: 89
225.059 41.83915583034367 157 lat: 114
225.559 43.47215116840784 155 lat: 110
226.065 31.46774099577866 154 lat: 111
226.595 30.775520705688376 151 lat: 130
227.087 24.956808503796566 151 lat: 133
227.598 21.612610232053854 149 lat: 97
228.131 19.95353201835301 147 lat: 129
228.573 19.433603001313504 146 lat: 88
229.043 23.667408520936924 142 lat: 130
229.529 30.94015384258126 140 lat: 131
229.929 38.88455942682669 137 lat: 97
230.399 42.11589945278005 135 lat: 106
230.87 46.43977296051775 133 lat: 130
231.281 44.705473437881686 130 lat: 89
231.702 49.01872407993746 127 lat: 89
232.159 46.24888090723454 125 lat: 102
232.615 49.97312798181158 122 lat: 128
233.062 51.53695177597021 120 lat: 91
233.499 52.50354063986279 117 lat: 110
233.951 47.97617004184021 115 lat: 96
234.399 50.81135420980126 112 lat: 107
234.884 43.241820661907624 111 lat: 115
235.308 39.740383262630175 109 lat: 105
235.761 33.49675477069123 107 lat: 94
236.324 30.80435526894927 105 lat: 106
236.826 25.262036583024127 103 lat: 109
237.355 30.871079434955696 100 lat: 109
237.87 33.93851729197086 98 lat: 125
238.309 31.664010676465313 97 lat: 89
238.762 34.34659102425606 94 lat: 102
239.222 35.71148436602951 92 lat: 135
239.666 37.11293417028882 89 lat: 95
240.144 37.561079175639286 87 lat: 135
240.565 51.24865341840615 83 lat: 113
241.004 58.83352065222959 80 lat: 107
241.445 60.68163607518627 78 lat: 100
241.899 62.046710300930165 75 lat: 104
242.364 55.57819407296769 75 lat: 132
242.806 39.92734927303264 74 lat: 107
243.252 31.758472716508013 71 lat: 110
243.7 29.421674894770298 69 lat: 129
244.138 19.81303368238931 68 lat: 108
244.597 22.25684472595119 66 lat: 90
245.019 29.846223072555105 63 lat: 100
245.484 34.807897265762776 60 lat: 96
245.944 41.68511509874482 57 lat: 135
246.399 47.33058380131609 55 lat: 119
246.857 50.143486674855126 53 lat: 119
247.305 52.244881504584264 50 lat: 93
247.765 47.831287890221965 48 lat: 113
248.202 46.15198194508466 45 lat: 91
248.634 51.222598212591905 42 lat: 100
249.102 58.55278290631817 39 lat: 100
249.564 56.329594355648496 37 lat: 115
250.039 60.65905354433779 34 lat: 144
250.479 56.84833775909668 32 lat: 95
250.966 50.03516182776515 30 lat: 115
251.428 46.66628737110763 27 lat: 113
251.903 45.71522714318962 25 lat: 136
252.373 39.649525261322516 23 lat: 112
252.797 41.83054013567517 20 lat: 87
253.266 47.56457027994317 17 lat: 105
254.938 31074.908135130452 15 lat: 102
255.164 64128.08201858406 150 lat: 45
255.375 70272.79152229821 152 lat: 35
255.566 71418.06597885839 153 lat: 44
255.735 71641.66537489863 154 lat: 24
255.903 40659.20133803092 155 lat: 25
256.075 7615.28981709551 156 lat: 26
256.241 1471.123432949648 157 lat: 23
256.41 317.29521256585497 157 lat: 24
256.586 83.78110751137962 158 lat: 25
256.756 28.919044892348555 158 lat: 24
256.927 16.33647917179463 160 lat: 24
257.094 12.885582801491609 161 lat: 28
257.261 14.423071100374242 162 lat: 23
257.431 12.711904139206725 162 lat: 23
257.598 14.073640598240534 163 lat: 25
257.77 12.104236370451464 164 lat: 24
257.948 11.403341157628489 165 lat: 28
258.115 14.494516954270313 167 lat: 26
258.286 15.334266328879346 167 lat: 21
258.472 15.572489741900617 168 lat: 28
258.646 18.808700723461893 170 lat: 26
258.823 17.548868575153065 170 lat: 30
259.009 16.453019476055964 172 lat: 26
259.176 16.135127927039402 172 lat: 23
259.352 15.784412706596342 173 lat: 27
259.52 12.78522632603787 174 lat: 26
259.704 14.36120471198871 175 lat: 31
259.905 15.7784840599009 177 lat: 40
260.157 15.950743464919057 177 lat: 68
260.34 18.813332620902045 179 lat: 27
260.512 19.18477786210879 180 lat: 31
260.682 17.122785364581578 180 lat: 31
260.867 12.536912130549307 181 lat: 29
261.044 13.332998627012895 182 lat: 32
261.216 10.976261528881508 183 lat: 24
261.411 8.577365908990359 183 lat: 26
261.583 9.628323558207969 184 lat: 27
261.748 13.39440793817959 186 lat: 25
261.918 14.872446247810787 187 lat: 30
262.094 15.4438979183807 188 lat: 27
262.256 15.306581452403215 188 lat: 22
262.43 15.1911407170871 189 lat: 26
262.609 11.90575255091458 190 lat: 29
262.811 11.095409250294296 191 lat: 26
263.018 11.281399471580993 192 lat: 39
263.192 13.796282577698816 193 lat: 27
263.361 18.731016614630796 195 lat: 26
263.53 20.487827983274506 196 lat: 27
263.694 20.829405494214186 197 lat: 23
263.873 20.589854965554544 198 lat: 30
264.06 18.218544542126367 198 lat: 37
264.233 13.703993993466487 199 lat: 23
264.404 15.396941161189417 201 lat: 28
264.567 16.44475967283042 202 lat: 24
264.741 17.05842138244398 203 lat: 25
264.905 19.526622667626512 204 lat: 23
265.083 20.239625735294993 205 lat: 32
265.256 17.308650889725417 206 lat: 25
265.431 15.725021390440965 207 lat: 25
265.614 14.997425897801538 208 lat: 27
265.791 12.568312335678549 208 lat: 29
265.993 14.32465900218651 210 lat: 27
266.179 15.13622274048439 211 lat: 29
266.349 15.522269690891623 212 lat: 24
266.531 15.46822044048226 213 lat: 30
266.704 17.479167392919326 214 lat: 29
266.887 15.47559431481878 215 lat: 30
267.058 14.622463446000722 216 lat: 23
267.24 12.581641687983888 216 lat: 27
267.431 11.830535055643088 217 lat: 33
267.609 14.562608101413433 219 lat: 30
267.789 19.218785962332532 221 lat: 32
267.975 18.401027865075317 221 lat: 31
268.148 19.969464683541094 222 lat: 27
268.325 20.807291766878052 223 lat: 27
268.497 18.176890454627223 224 lat: 25
268.684 13.739738637717235 225 lat: 29
268.854 22.123482312075968 228 lat: 26
269.021 20.132366811957407 227 lat: 26
269.198 19.083365800895074 228 lat: 27
269.367 18.52517843699089 229 lat: 28
269.544 21.76785736142085 231 lat: 29
269.72 15.65368017310071 232 lat: 24
269.898 18.032020647365197 233 lat: 30
270.067 19.294157268326032 234 lat: 29
270.239 19.88146454272738 235 lat: 26
270.412 16.745127547107288 236 lat: 27
270.645 15.50410785335178 237 lat: 84
270.818 19.33451005159508 239 lat: 28
271.001 20.733702430882893 240 lat: 29
271.166 24.697902679323985 242 lat: 23
271.351 23.44588563183836 242 lat: 38
271.541 20.89792822983818 242 lat: 36
271.726 14.222159874881587 242 lat: 32
271.898 9.721248716559991 242 lat: 26
272.07 32515.489561713483 242 lat: 25
272.242 38267.23102251111 242 lat: 27
272.421 39326.13260424433 241 lat: 26
272.583 39533.39572268048 240 lat: 20
272.757 39577.61151945071 239 lat: 26
272.933 7075.61911619497 238 lat: 26
273.103 1326.0792192764945 237 lat: 21
273.266 271.4034919076952 235 lat: 26
273.448 64.50982359710096 235 lat: 28
273.614 23.14001751415467 233 lat: 23
273.778 13.781754350318156 232 lat: 22
273.949 9.88585858845984 232 lat: 24
274.138 7.219142246409208 230 lat: 33
274.323 8.03399600975638 229 lat: 32
274.497 8.854916604705693 227 lat: 27
274.668 9.330473414739687 226 lat: 23
274.843 9.41149120271674 226 lat: 30
275.035 9.937653956357721 224 lat: 34
275.204 10.108567700332697 223 lat: 25
275.381 6.3579721917118395 223 lat: 27
275.56 6.5376236351109185 221 lat: 25
275.736 10.207916928732747 219 lat: 28
275.904 7.939273476326442 219 lat: 25
276.075 7.180285496441829 218 lat: 25
276.247 8.177141372062614 217 lat: 27
276.417 7.14022863417015 216 lat: 23
276.597 4.4612756389545805 215 lat: 29
276.775 5.095989141717036 214 lat: 33
276.963 5.31934175917001 213 lat: 34
277.131 5.411870810383072 212 lat: 26
277.299 5.516901070722253 211 lat: 22
277.474 5.473876982741848 210 lat: 25
277.667 5.298071694445549 209 lat: 30
277.842 5.142917139838963 208 lat: 29
278.017 4.861200055189318 207 lat: 28
278.187 4.534884350559423 206 lat: 28
278.363 6.346410523999341 204 lat: 28
278.547 7.193919209623111 203 lat: 33
278.731 10.042924736988608 201 lat: 32
278.913 11.147473357128867 200 lat: 24
279.092 10.410888778674314 200 lat: 29
279.262 7.946515256045872 199 lat: 27
279.432 9.203454173317269 197 lat: 25
279.603 7.319931926107147 196 lat: 27
279.774 5.50238561143009 196 lat: 25
279.945 6.020382465034399 195 lat: 26
280.117 6.418540757123928 194 lat: 25
280.289 4.368660842233462 193 lat: 28
280.464 3.397768069062715 192 lat: 28
280.629 4.2396306882380514 191 lat: 24
280.801 4.5542784029846155 190 lat: 29
280.969 4.684588740987805 189 lat: 25
281.136 4.748830323690169 188 lat: 25
281.302 4.912378745398573 187 lat: 23
281.492 7.067486616206647 185 lat: 36
281.674 6.342453097425119 185 lat: 28
281.846 7.920544543029205 183 lat: 25
282.019 8.655160201832086 182 lat: 26
282.204 8.831767689883224 181 lat: 33
282.383 6.964648602763442 180 lat: 28
282.558 7.9999391434925275 179 lat: 26
282.725 6.492510847654328 178 lat: 23
282.912 4.867170319868095 178 lat: 41
283.094 5.82557557086681 176 lat: 30
283.262 5.964730526099343 175 lat: 24
283.442 5.85144877872548 174 lat: 28
283.61 4.846016225304215 174 lat: 26
283.788 6.937819135381545 172 lat: 27
283.963 6.3092313197151775 171 lat: 28
284.128 6.192770723980341 170 lat: 25
284.301 6.331011118503502 169 lat: 29
284.473 7.307528642693356 168 lat: 25
284.659 6.319961804036257 167 lat: 37
284.83 4.859097917502007 167 lat: 27
285.001 5.737848377772639 165 lat: 27
285.176 4.600935288936117 165 lat: 26
285.356 5.8624821093632775 163 lat: 30
285.535 6.250349174116268 162 lat: 26
285.703 7.300541508241322 161 lat: 25
285.879 6.2161884986061535 160 lat: 28
286.044 9.334679674037282 158 lat: 24
286.216 7.50845692698623 158 lat: 25
286.385 6.6244976535223925 157 lat: 25
286.565 5.547646310098277 157 lat: 27
286.733 6.481485531401517 155 lat: 23
286.914 3.3826187121450095 155 lat: 31
287.098 5.313276486433583 153 lat: 30
287.27 6.2633191112507 152 lat: 26
287.445 7.581619146521119 151 lat: 32
287.631 5.6640434628113345 151 lat: 29
287.807 6.02518471261375 150 lat: 32
287.987 4.400333002234023 149 lat: 28
288.156 3.669112324108712 148 lat: 26
288.331 3.34146889978636 147 lat: 29
288.509 4.29247072606989 146 lat: 27
288.698 4.676464019901363 145 lat: 29
288.876 4.867548057851755 144 lat: 32
289.049 7.146355550665479 142 lat: 27
289.218 6.352819584382719 142 lat: 25
289.385 7.723025702006911 140 lat: 23
289.558 8.224398019283198 139 lat: 31
289.73 8.774398142561523 138 lat: 26
289.906 8.979763588095357 136 lat: 27
290.076 9.129210496476263 136 lat: 28
290.245 7.482331781634586 135 lat: 27
290.417 6.08601934202641 135 lat: 27
290.591 6.621780062834942 133 lat: 28
290.766 4.717398084871429 132 lat: 28
290.929 5.537698701410783 131 lat: 27
291.102 5.7986726383076785 130 lat: 28
291.277 6.636021826685406 129 lat: 26
291.449 5.551816395024042 128 lat: 27
291.625 7.436598154705341 126 lat: 25
291.798 6.611340580743589 126 lat: 28
291.962 6.190195224033178 125 lat: 22
292.137 5.3447732459215835 125 lat: 31
292.312 6.42903978420658 123 lat: 29
292.478 4.479057336927704 122 lat: 25
292.646 5.216699442348244 121 lat: 24
292.816 5.555742971292409 120 lat: 27
292.98 6.397644954455874 119 lat: 24
293.159 7.443944251988077 117 lat: 31
