0.167 0.017642878768047366 243 lat: 31
0.37 0.0626561273389477 242 lat: 24
0.55 1.4718263830299163 243 lat: 27
0.732 1.5037276174201817 242 lat: 27
0.921 1.9570579586274173 241 lat: 27
1.101 2.6811398167838845 240 lat: 24
1.29 2.6611396919618366 240 lat: 31
1.468 3.25270571434146 238 lat: 36
1.651 4.449935718546558 237 lat: 25
1.828 5.138345529821639 236 lat: 24
2.008 5.452846598241835 235 lat: 32
2.181 6.537038629853852 234 lat: 27
2.373 5.632209782207534 233 lat: 26
2.551 7.340336850981465 231 lat: 31
2.747 7.8130608968614235 230 lat: 37
2.946 7.927924342037956 229 lat: 44
3.145 7.786989887792727 228 lat: 39
3.325 10.13040062631346 226 lat: 26
3.508 8.970847002299148 225 lat: 29
3.7 8.701421085371196 224 lat: 40
3.885 10.784957256813923 222 lat: 28
4.065 11.628818342619711 221 lat: 34
4.236 12.44014055283529 219 lat: 28
4.412 11.123868482556508 219 lat: 25
4.587 9.779855638750078 219 lat: 22
4.771 8.613021805260532 217 lat: 36
4.986 8.236701440964893 216 lat: 27
5.183 5.25945056858638 215 lat: 30
5.354 5.829148589842267 214 lat: 23
5.535 6.808249598736799 213 lat: 23
5.713 8.213661769781847 211 lat: 22
5.898 8.822220355956679 210 lat: 26
6.103 7.70700046751291 210 lat: 26
6.287 7.2515656796618995 209 lat: 25
6.459 7.119856272362916 208 lat: 27
6.629 4.811349183775644 207 lat: 21
6.801 3.8942017398351223 206 lat: 26
6.994 3.8223449708375545 206 lat: 26
7.198 3.6627046296484496 205 lat: 37
7.423 3.5183164489244314 204 lat: 27
7.63 5.147533787706228 202 lat: 28
7.821 5.740568980968155 201 lat: 26
8.012 9.350702792783725 199 lat: 39
8.188 9.399903482799306 199 lat: 24
8.353 11.644318560166447 197 lat: 24
8.553 9.092469372913715 197 lat: 28
8.724 7.97729087263081 196 lat: 25
8.947 5.048693133097305 195 lat: 27
9.241 7.566883359034257 193 lat: 29
9.544 8.620495615125083 191 lat: 146
9.794 13.240155776365981 189 lat: 52
10.046 17.96858126544871 187 lat: 77
10.272 22.602944494239416 185 lat: 45
10.452 22.1505153705014 184 lat: 25
10.678 22.262709388069865 182 lat: 39
10.862 17.853523912119424 182 lat: 24
11.072 15.33133214380067 180 lat: 41
11.377 11.684496653361144 179 lat: 92
11.585 10.322386816341337 178 lat: 31
11.789 9.546932475185521 176 lat: 24
11.99 10.964151780081213 175 lat: 27
12.203 12.072863787763984 173 lat: 24
13.239 12.339424548802645 172 lat: 853
13.42 30.315932273081053 167 lat: 28
13.586 32.69086953862917 166 lat: 25
13.757 33.21051914970511 165 lat: 29
13.931 30.905321410692846 164 lat: 24
14.104 32.74507606037568 162 lat: 23
14.279 15.470959040054403 161 lat: 23
14.461 9.910978347078371 161 lat: 27
14.628 8.086671499955335 160 lat: 27
14.797 7.300034139676237 159 lat: 25
14.962 4.442148776766335 158 lat: 24
15.137 3.4834617729238015 157 lat: 32
15.309 4.330707407922819 156 lat: 31
15.473 4.852206697578558 155 lat: 24
15.636 5.11170518521571 154 lat: 22
15.811 5.060477983217337 153 lat: 28
15.979 5.082126628278546 152 lat: 25
16.147 5.064394700960321 151 lat: 24
16.316 5.045816205070827 150 lat: 27
16.499 4.99243787999107 149 lat: 25
16.711 5.264581742652637 148 lat: 33
16.886 5.5745477023087355 147 lat: 29
17.058 5.546902072612322 146 lat: 24
17.23 4.47633057054985 146 lat: 27
17.412 5.4843040262137865 144 lat: 25
17.576 8.022046154618799 142 lat: 22
17.749 7.09486092569306 142 lat: 27
17.916 8.73345989358187 140 lat: 24
18.08 10.363216108566252 139 lat: 23
18.252 9.708573442920263 138 lat: 26
18.414 7.121340038035578 137 lat: 22
18.6 6.851789982156114 137 lat: 40
18.776 4.602692607142871 136 lat: 26
18.945 5.931110738357296 134 lat: 26
19.119 6.531797639601177 133 lat: 25
19.311 5.488918129484871 133 lat: 32
19.492 6.0058581757565594 132 lat: 34
19.66 8.650852608489071 130 lat: 22
19.83 6.019747459740972 130 lat: 25
19.995 4.872222283166608 129 lat: 24
20.159 5.873063781050331 128 lat: 25
20.324 5.399714855141329 128 lat: 26
20.487 2.9305211896046437 127 lat: 23
20.656 3.409038548882391 126 lat: 25
20.823 3.532446689418226 125 lat: 23
20.993 2.4583623750523254 125 lat: 26
21.174 2.9296491645327665 124 lat: 32
21.351 3.1560716280423513 123 lat: 29
21.524 3.268808140185163 122 lat: 30
21.706 3.196041265464541 121 lat: 37
21.885 4.13877520825837 120 lat: 25
22.051 4.623199879433533 119 lat: 24
22.22 4.9454065359105845 118 lat: 23
22.389 5.103070509012157 117 lat: 28
22.554 5.3404385012409 116 lat: 22
22.738 5.414199251787577 115 lat: 32
22.913 5.2921057342625994 114 lat: 32
23.115 5.168212749685823 113 lat: 28
23.29 7.534024246497848 111 lat: 29
23.463 8.314101191275032 110 lat: 27
23.634 7.422176400009661 110 lat: 27
23.8 7.07220267939234 109 lat: 27
23.971 6.143904253846896 109 lat: 29
24.131 5.06096559073201 107 lat: 19
24.296 4.640946357698388 106 lat: 25
24.463 4.555109870230375 106 lat: 23
24.633 4.584985887640562 105 lat: 26
24.802 5.525074451506421 104 lat: 25
24.966 4.145419918811443 103 lat: 24
25.139 2.736322618330514 103 lat: 32
25.306 4.917022027139259 101 lat: 23
25.485 4.492576607412816 101 lat: 30
25.664 4.165398148115106 100 lat: 21
25.832 3.966651580193365 99 lat: 21
26.004 4.758143453116145 98 lat: 24
26.174 3.3347565221998354 97 lat: 25
26.346 4.350096535076899 96 lat: 27
26.517 7.06498309983685 94 lat: 29
26.685 6.6209567265286955 94 lat: 27
26.87 8.448576721071253 92 lat: 32
27.046 9.266764560208138 91 lat: 30
27.213 9.505532291517046 90 lat: 28
27.39 7.223209071833033 89 lat: 26
27.553 6.92605546944872 89 lat: 25
27.719 6.429466192532364 87 lat: 26
27.894 4.955153378636561 87 lat: 28
28.067 4.259327317349799 86 lat: 30
28.263 4.016371543181776 85 lat: 46
28.429 5.011417000437984 84 lat: 24
28.598 3.880794449960847 83 lat: 27
28.764 4.601651284808436 82 lat: 23
28.94 4.820123590537306 81 lat: 30
29.115 4.897119358774108 80 lat: 24
29.277 7.158463738936376 78 lat: 23
29.443 7.737295002615868 77 lat: 23
29.608 6.8940633358275605 77 lat: 24
29.77 8.349568887834064 75 lat: 22
29.938 7.644317446565296 75 lat: 24
30.11 5.006348383274916 74 lat: 23
30.744 6.419473742422463 72 lat: 348
31.207 10.705480471022732 70 lat: 103
31.641 13.394148101285566 68 lat: 108
32.101 28.423702009953963 64 lat: 109
32.584 42.21012685988045 61 lat: 59
32.986 47.99079960765603 59 lat: 44
33.405 56.08741403790228 56 lat: 32
33.837 65.15368187234785 53 lat: 41
34.274 54.88216058432714 52 lat: 34
34.69 42.8571303164183 51 lat: 60
35.113 38.30612457198555 49 lat: 54
35.575 31.251944716503093 47 lat: 32
36.023 27.02129145411491 44 lat: 81
36.461 29.54611647241433 42 lat: 51
36.867 33.765383408650564 40 lat: 53
37.313 35.95258262459074 38 lat: 38
37.731 36.43056553654547 36 lat: 39
38.138 31.925194711868492 34 lat: 30
38.526 29.720581813118514 32 lat: 45
38.932 38.009728122389326 28 lat: 47
39.342 52.539951044474265 24 lat: 32
39.78 63.48533797089446 21 lat: 65
40.198 67.74934598902071 19 lat: 30
40.592 31155.437727585624 16 lat: 34
41.028 36818.77204452991 17 lat: 40
41.474 37924.96520295356 19 lat: 50
41.871 38186.69220776384 22 lat: 33
42.277 38268.31361881404 25 lat: 40
42.716 7201.6103899224945 26 lat: 38
43.111 1539.671461235908 28 lat: 33
43.576 437.6481785523202 32 lat: 71
44.003 189.01419729736122 36 lat: 93
44.388 108.8373964529091 37 lat: 78
44.789 92.49304736445426 39 lat: 89
45.182 92.58364278479024 42 lat: 86
45.56 75.0750398076372 43 lat: 93
45.96 65.16461946017543 47 lat: 88
46.335 74.76237186696642 50 lat: 70
46.739 73.37363331643026 51 lat: 79
47.118 70.97180611440751 54 lat: 85
47.529 80.18403399499809 57 lat: 88
47.914 67.63580825718557 58 lat: 93
48.298 55.37573156603274 60 lat: 84
48.707 56.02462009293389 62 lat: 93
49.106 51.25771135392246 64 lat: 91
49.501 44.08455540242653 66 lat: 89
49.915 46.49288248787979 68 lat: 91
50.332 53.41797400009442 71 lat: 92
50.773 61.71432748696186 74 lat: 87
51.143 65.97065181611202 76 lat: 89
51.554 62.953291421114116 77 lat: 84
51.968 73.19859052623326 81 lat: 108
52.34 78.5476518223079 84 lat: 81
52.785 82.29101007190698 87 lat: 95
53.228 88.91832271395079 90 lat: 114
53.617 110.7299003448726 94 lat: 96
53.952 107.31596490666891 96 lat: 84
54.379 98.72800007893274 98 lat: 104
54.807 101.64796589584891 102 lat: 84
55.258 95.46344712519344 104 lat: 91
55.66 84.37592627646458 107 lat: 106
56.026 71.0787652181183 107 lat: 74
56.454 65.51399344109633 109 lat: 88
56.889 45.879757010670545 110 lat: 113
57.282 43.785217828124594 113 lat: 77
57.723 42.9547554984594 116 lat: 113
58.153 51.23618995583415 118 lat: 88
58.56 61.3709981384625 121 lat: 96
58.97 60.86732033426639 121 lat: 87
59.337 61.124864462168844 124 lat: 67
59.737 61.37848310620628 127 lat: 111
60.137 68.63231995298938 130 lat: 85
60.513 71.5635289355993 133 lat: 91
60.888 80.8524171887042 135 lat: 83
61.257 80.18509212165051 137 lat: 86
61.692 73.60861642863046 139 lat: 102
62.08 70.18210813673853 142 lat: 67
62.458 62.144645182526745 144 lat: 76
62.86 59.6164396935444 146 lat: 101
63.268 58.675914316501846 148 lat: 80
63.67 71.91841757979961 152 lat: 72
64.079 71.13076802038569 154 lat: 105
64.462 84.40064667379461 158 lat: 92
64.907 88.56970653527102 160 lat: 111
65.343 90.0119737687863 162 lat: 94
65.778 82.34083307485398 165 lat: 49
66.214 80.41040701264178 167 lat: 100
66.673 72.16539847599412 170 lat: 47
67.124 76.01058419343826 173 lat: 48
67.693 76.97166927867366 175 lat: 58
68.577 102.76161569957328 181 lat: 211
69.335 127.27628538015531 185 lat: 205
69.967 129.0558648978744 187 lat: 206
71.203 137.2273661444667 191 lat: 569
71.69 156.15408769518308 195 lat: 40
72.115 138.4220910335116 198 lat: 58
72.544 122.6400641077284 201 lat: 41
72.974 112.74240561277885 202 lat: 50
73.398 100.64290297219561 205 lat: 40
73.786 81.04409777133641 207 lat: 35
74.173 73.77307985192587 210 lat: 31
74.608 70.2092234324806 213 lat: 60
75.037 75.02582393032843 215 lat: 65
75.424 71.91458070638515 217 lat: 37
75.843 75.6759340212207 220 lat: 39
76.279 85.16379020884112 224 lat: 64
76.687 82.74264292572947 226 lat: 36
77.1 87.92150786800808 229 lat: 35
77.502 95.2768368611836 232 lat: 44
77.908 92.37183250025515 234 lat: 35
78.34 72.20047475045413 235 lat: 44
78.741 69.99073283700596 238 lat: 64
79.165 57.2744679487934 239 lat: 35
79.563 51.27188019675738 242 lat: 67
79.973 41.22677137174611 242 lat: 50
80.385 32060.842868371157 242 lat: 52
80.793 38062.123501019865 239 lat: 41
81.195 39215.38011679499 237 lat: 32
81.654 39476.2270999831 234 lat: 33
82.044 39555.78934103469 231 lat: 81
82.489 7557.697955953304 229 lat: 111
82.909 1562.468741680245 226 lat: 99
83.313 419.6351080421748 223 lat: 75
83.738 150.90712146994275 222 lat: 94
84.143 77.97678062145856 219 lat: 83
84.603 62.39313071302543 216 lat: 89
85.012 56.50897463554591 213 lat: 84
85.428 54.35924395202776 210 lat: 87
85.831 54.02089439862098 209 lat: 93
86.261 53.96117789992267 206 lat: 93
86.654 46.05790330690021 205 lat: 84
87.03 41.65510493339377 202 lat: 78
87.439 31.086471821706557 201 lat: 97
87.841 34.58471339818412 198 lat: 93
88.246 27.996986702076136 197 lat: 101
88.63 38.01626807644759 193 lat: 86
89.032 37.8717351136659 191 lat: 93
89.435 46.40123317280098 188 lat: 75
89.853 46.58423529380768 186 lat: 93
90.255 50.50507081054659 184 lat: 103
90.626 39.237447238809345 183 lat: 79
91.001 34.651097752550264 181 lat: 96
91.417 31.718460964734582 178 lat: 108
91.807 29.985683610834258 176 lat: 81
92.196 33.93070646643876 173 lat: 81
92.624 43.85781225649797 170 lat: 106
93.033 47.868124856939005 168 lat: 84
93.424 50.739640267529204 165 lat: 86
93.85 52.17414016393854 163 lat: 107
94.255 48.07053750694728 161 lat: 92
94.665 38.38254348765164 160 lat: 89
95.062 37.89033549838003 157 lat: 96
95.468 33.04630866233363 155 lat: 89
95.863 35.638354306902265 152 lat: 96
96.277 32.591986862602575 151 lat: 96
96.75 38.63361841317424 148 lat: 107
97.118 42.763581457891064 145 lat: 80
97.53 43.729412312271776 143 lat: 95
97.957 39.68168771725082 141 lat: 97
98.34 46.45185022328782 138 lat: 84
98.783 44.77660349868679 136 lat: 109
99.17 43.764474556501995 133 lat: 100
99.58 48.91997121147121 130 lat: 113
99.979 50.606543262810945 128 lat: 86
100.372 43.27062968372022 127 lat: 70
100.784 40.62622878077847 125 lat: 94
101.182 45.07156312144352 121 lat: 87
101.59 36.96543421222053 120 lat: 84
101.991 34.55793685357227 118 lat: 86
102.391 37.252913231099605 116 lat: 100
102.789 35.117459553031296 115 lat: 72
103.239 27.778614525109113 112 lat: 109
103.643 29.481725005435962 110 lat: 97
104.049 29.848602923203796 108 lat: 85
104.46 29.62818196984701 106 lat: 91
104.883 32.496881216184086 104 lat: 95
105.286 40.70994397262433 100 lat: 83
105.661 49.14316025365795 97 lat: 81
106.051 47.58426013313062 96 lat: 77
106.453 47.03653651916456 94 lat: 74
106.865 51.354101227584245 91 lat: 96
107.267 46.7469377139004 88 lat: 90
107.666 39.661168670509745 86 lat: 81
108.079 51.895597744375614 82 lat: 94
108.507 56.667537832850144 80 lat: 92
108.919 59.45015845786537 77 lat: 95
109.317 56.37473283070186 75 lat: 75
109.739 51.57043092513948 74 lat: 90
110.179 38.747333565466086 72 lat: 117
110.583 33.86040029120383 70 lat: 90
110.979 37.09200036949238 66 lat: 74
111.413 38.415874896555465 64 lat: 104
111.801 42.15506830468355 62 lat: 75
112.229 40.92305244852856 61 lat: 92
112.628 44.45055371320235 58 lat: 87
113.029 35.52187036694718 56 lat: 90
113.428 36.531823498515074 53 lat: 78
113.837 37.2661063030574 51 lat: 79
114.217 40.81358726073925 49 lat: 74
114.623 38.196104318731734 47 lat: 87
115.054 37.57141914729553 45 lat: 96
115.47 37.35510073752904 42 lat: 105
115.913 36.49782427368074 40 lat: 31
116.308 35.95030159323576 38 lat: 36
116.734 40.77836661639908 35 lat: 35
117.13 47.83166351459677 32 lat: 44
117.568 46.33845101803537 30 lat: 50
117.969 42.92517153098126 29 lat: 41
118.376 38.92625889515467 28 lat: 32
118.783 35.94139406810337 25 lat: 47
119.177 25.735112278264346 24 lat: 45
119.56 24.889218175100297 21 lat: 37
120.003 33.574921811220825 18 lat: 44
120.432 31347.25874156946 16 lat: 40
121.293 37172.638490719735 18 lat: 111
121.786 38328.9876000247 20 lat: 105
122.264 38608.40096015756 23 lat: 86
122.741 38707.01279551457 27 lat: 91
123.265 7441.721103444947 30 lat: 141
123.721 1639.3938589730121 33 lat: 115
124.175 512.6963488502576 37 lat: 102
124.621 242.23833836432212 39 lat: 106
125.104 143.33278999029702 41 lat: 109
125.549 103.9343015214784 43 lat: 111
125.98 95.68153612670626 47 lat: 101
126.409 84.23843819530686 50 lat: 95
126.872 76.04579109969539 51 lat: 94
127.321 79.05584131043713 54 lat: 114
127.772 85.96885733553039 57 lat: 112
128.233 70.9379550693152 58 lat: 99
128.666 58.22745875253674 60 lat: 107
129.154 58.08202275978623 62 lat: 121
129.578 45.123583336570924 62 lat: 89
130.031 42.97097760845725 66 lat: 103
130.501 47.40201103045626 68 lat: 115
130.967 55.669863138484104 71 lat: 107
131.416 65.07583645832183 74 lat: 97
131.87 76.46136464931341 76 lat: 105
132.446 67.10174195820201 77 lat: 99
132.939 75.02014711071304 81 lat: 119
133.408 78.07181461210874 84 lat: 103
133.917 79.49109803407435 87 lat: 111
134.411 85.37089145669641 90 lat: 104
134.87 105.5963434259885 94 lat: 110
135.317 101.97866143665024 96 lat: 102
135.771 94.02218542040526 98 lat: 110
136.231 97.60820667088385 102 lat: 106
136.725 93.48706456713853 104 lat: 102
137.163 84.29843788191931 107 lat: 109
137.664 71.90669541407354 107 lat: 137
138.234 66.73668562263568 109 lat: 117
138.741 47.45695660140078 110 lat: 96
139.225 43.68085818791676 113 lat: 105
139.737 42.431944855668256 116 lat: 89
140.238 50.91802410174307 118 lat: 126
140.748 60.53424722481597 121 lat: 120
141.306 59.931695786034496 121 lat: 113
141.868 59.99090354560565 124 lat: 151
142.372 60.800370275709824 127 lat: 112
142.867 67.05067554159605 130 lat: 114
143.379 69.1009035196899 133 lat: 98
143.842 78.79684377858719 135 lat: 90
144.322 77.69760577124941 137 lat: 95
144.836 70.61745951259961 139 lat: 109
145.373 66.71215589201954 142 lat: 102
145.807 60.59544224007337 144 lat: 96
146.257 57.75056498330466 146 lat: 95
146.701 57.65964009755275 148 lat: 110
147.182 69.64120587396448 152 lat: 108
147.623 69.23576569912693 154 lat: 105
148.176 80.48335600731691 158 lat: 113
148.74 84.72515529726722 160 lat: 108
149.233 86.22591562388804 162 lat: 109
149.73 80.27405160556883 165 lat: 121
150.253 78.52211676962337 167 lat: 104
150.811 71.43175395661157 170 lat: 130
151.343 74.83487213541203 173 lat: 113
151.829 76.1591664390484 175 lat: 104
152.324 102.33049680733905 181 lat: 88
152.753 127.63051492352488 185 lat: 115
153.204 129.9942724003113 187 lat: 107
153.668 139.36712925464687 191 lat: 91
154.175 158.0378954211187 195 lat: 134
154.674 140.20858785537226 198 lat: 124
155.151 124.13761092096287 201 lat: 121
155.561 114.17772048046183 202 lat: 105
156.005 102.22398442651031 205 lat: 97
156.47 81.85889427950914 207 lat: 133
156.974 73.86790992741018 210 lat: 96
157.435 70.28979192521636 213 lat: 105
157.991 74.08449061339006 215 lat: 94
158.475 69.83341566404225 217 lat: 96
158.997 74.25810423352385 220 lat: 92
159.525 84.01753824165024 224 lat: 135
160.035 81.30115913631063 226 lat: 112
160.511 86.67363146704602 229 lat: 86
161.019 94.59072095498018 232 lat: 105
161.507 91.83654475774362 234 lat: 121
161.941 72.32052278557735 235 lat: 95
162.403 70.45704118334915 238 lat: 104
162.843 58.72603136014229 239 lat: 99
163.322 53.080552065248 242 lat: 114
163.765 42.858156793154166 242 lat: 125
164.204 37.21862848468008 242 lat: 99
164.698 32158.48830590328 239 lat: 142
165.245 38075.30508734044 237 lat: 104
165.733 39263.69182079116 234 lat: 107
166.241 39540.65175285841 231 lat: 106
166.776 39609.729369270884 229 lat: 107
167.299 7507.926007942777 226 lat: 119
167.797 1606.070795274236 223 lat: 89
168.311 410.9335062522502 222 lat: 105
168.73 141.88333463361596 219 lat: 109
169.162 84.81424242371341 216 lat: 96
169.607 65.92081669569737 213 lat: 112
170.149 59.27257438785233 210 lat: 165
170.601 57.66425199091427 209 lat: 98
171.05 56.769309138088474 206 lat: 116
171.486 47.59620677827545 205 lat: 94
171.905 42.23533074136304 202 lat: 97
172.369 31.313500203692534 201 lat: 136
172.809 34.694118314034654 198 lat: 103
173.279 28.11700573748071 197 lat: 99
173.716 38.68594016676175 193 lat: 88
174.152 38.70188906572106 191 lat: 111
174.622 46.044039082882605 188 lat: 98
175.137 45.26277172323398 186 lat: 94
175.628 48.50867321042483 184 lat: 95
176.1 36.759548349906844 183 lat: 94
176.604 32.364690363546444 181 lat: 98
177.114 31.158313035715054 178 lat: 108
177.587 30.542864414576584 176 lat: 100
178.08 34.92198780226178 173 lat: 88
178.606 44.76133323069313 170 lat: 114
179.09 48.86982395156496 168 lat: 98
179.561 50.70802145635704 165 lat: 98
180.118 51.67068160446246 163 lat: 130
180.629 47.28493892673454 161 lat: 100
181.112 37.51034575658921 160 lat: 89
181.582 36.68283245293144 157 lat: 106
182.077 31.40182958921828 155 lat: 102
182.568 33.19849471137817 152 lat: 91
183.051 30.215178142365364 151 lat: 89
183.551 36.728381075222316 148 lat: 102
184.038 40.87876704851229 145 lat: 87
184.537 43.029746427406366 143 lat: 99
185.033 40.39188055700268 141 lat: 107
185.536 47.72256994706034 138 lat: 91
186.037 46.557402603830255 136 lat: 100
186.537 46.113836744482754 133 lat: 92
187.042 50.288467030101685 130 lat: 117
187.89 51.01345673621634 128 lat: 101
188.837 82.83743518045091 121 lat: 343
189.742 85.81127102627546 120 lat: 350
190.668 82.5138606494744 118 lat: 236
191.232 76.84102436888075 116 lat: 126
191.707 71.73889973658606 115 lat: 91
192.21 37.316620037405826 112 lat: 98
192.681 32.63902549183533 110 lat: 100
193.192 30.56153025373507 108 lat: 88
193.671 28.88087070710887 106 lat: 99
194.12 31.306550911960144 104 lat: 106
194.632 38.79318989550305 100 lat: 109
195.088 47.0484075239772 97 lat: 102
195.587 45.438456114291306 96 lat: 109
196.078 44.86335381339743 94 lat: 117
196.581 49.40875157738257 91 lat: 86
197.12 46.28577058087371 88 lat: 103
197.6 40.190696952755246 86 lat: 94
198.084 53.35734290955257 82 lat: 89
198.6 58.96999338613627 80 lat: 127
199.084 62.249870979408335 77 lat: 95
199.574 58.190217106946356 75 lat: 117
200.072 53.14969973986944 74 lat: 95
200.55 40.21330376155713 72 lat: 125
201.001 34.975089140386125 70 lat: 88
201.498 37.39976899672434 66 lat: 151
202.008 38.11591772749283 64 lat: 150
202.466 41.3305559367956 62 lat: 106
202.904 39.17169358646042 61 lat: 101
203.367 42.13261638427883 58 lat: 116
203.924 32.77444221208139 56 lat: 98
204.43 34.044834355479566 53 lat: 113
204.953 35.045708546093266 51 lat: 101
205.458 39.120123048725475 49 lat: 105
205.941 37.07064562247594 47 lat: 95
206.426 36.83214764409687 45 lat: 96
206.924 36.78827907468787 42 lat: 87
207.414 36.538673059314185 40 lat: 118
207.915 36.3972012870834 38 lat: 98
208.42 40.346629374205605 35 lat: 116
208.945 47.17978474789608 32 lat: 108
209.437 45.170947443615255 30 lat: 107
209.934 41.23170586000234 29 lat: 123
210.371 36.60987518544854 28 lat: 91
210.793 34.17646025993732 25 lat: 99
211.261 24.566515813753735 24 lat: 105
211.697 24.560920142508948 21 lat: 113
212.166 32.875469014640686 18 lat: 99
213.692 30537.41333270146 16 lat: 93
213.88 62814.28647053233 149 lat: 33
214.051 68696.03612296273 150 lat: 27
214.25 69796.69675815462 151 lat: 44
214.422 70012.48635061667 152 lat: 25
214.601 39561.115767790834 153 lat: 31
214.768 7300.388263403136 155 lat: 24
214.936 1424.9927331529564 156 lat: 23
215.112 321.1175914353633 157 lat: 28
215.328 97.53858275188183 158 lat: 57
215.529 46.02204059994187 159 lat: 39
215.725 25.52340277457608 160 lat: 32
215.943 19.153780007080634 161 lat: 33
216.139 20.320807963476213 163 lat: 33
216.321 20.75039129583844 164 lat: 29
216.497 20.891100387597156 165 lat: 24
216.742 21.09128375466171 166 lat: 56
216.97 24.904801807607093 168 lat: 31
217.147 27.088403382541088 170 lat: 30
217.334 27.61427477101742 171 lat: 31
217.501 28.278765533075106 172 lat: 22
217.674 28.67630948942449 173 lat: 26
217.861 25.018653902760747 174 lat: 36
218.041 22.858540969333312 176 lat: 30
218.228 22.522101226813525 177 lat: 26
218.402 21.81883774445461 178 lat: 25
218.587 21.299279917331155 179 lat: 27
218.773 21.019481952691464 180 lat: 31
218.949 17.670245665529638 181 lat: 24
219.118 16.025638598385505 182 lat: 23
219.283 15.414653867861686 183 lat: 25
219.45 15.084487088514392 184 lat: 23
219.621 15.143868196126302 185 lat: 30
219.788 15.132916967771674 186 lat: 26
219.954 14.949327141660179 187 lat: 25
220.145 18.689996235082216 189 lat: 37
220.325 17.28834533369682 189 lat: 32
220.505 19.212239023923132 191 lat: 31
220.671 17.212552352522163 191 lat: 24
220.84 16.63281727594873 192 lat: 26
221.0 12.468247758707685 193 lat: 22
221.166 13.716094014905286 194 lat: 28
221.331 9.583774446093704 194 lat: 25
221.517 13.363057224816927 196 lat: 42
221.702 14.908461192809781 197 lat: 26
221.866 15.498301910169172 198 lat: 21
222.033 15.603689478929885 199 lat: 25
222.2 17.631915932704278 200 lat: 23
222.375 13.583879864381405 200 lat: 24
222.554 14.900068390744018 202 lat: 41
222.719 13.383830261555621 202 lat: 24
222.891 16.307792681866996 204 lat: 26
223.063 21.45326189691042 206 lat: 26
223.24 25.496232903828762 207 lat: 27
223.408 24.487968861795657 208 lat: 24
223.582 26.18977936054909 209 lat: 30
223.752 23.71760412483174 210 lat: 23
223.917 18.873530707345825 211 lat: 25
224.084 20.662714701913053 213 lat: 25
224.254 18.18419958352198 213 lat: 29
224.427 20.314023611694207 215 lat: 27
224.593 20.924871026761902 216 lat: 23
224.77 21.279006119095154 217 lat: 31
224.939 15.558659057303208 217 lat: 25
225.104 18.78289779598788 219 lat: 23
225.33 17.048692727994204 220 lat: 27
225.496 16.240721691759184 221 lat: 23
225.66 15.637999965908275 222 lat: 22
225.84 15.667910433346304 222 lat: 23
226.018 12.813047647091189 223 lat: 32
226.184 14.368996284805968 225 lat: 26
226.365 14.92581946549117 226 lat: 32
226.542 12.916001557834877 226 lat: 30
226.729 13.663118168535739 227 lat: 42
226.893 13.964397786979273 228 lat: 22
227.067 11.504225093584944 229 lat: 27
227.235 10.380375675533603 230 lat: 25
227.401 12.249406835831744 231 lat: 25
227.571 11.430701762074001 231 lat: 25
227.742 11.007996557251225 232 lat: 27
227.913 13.85159243301578 234 lat: 25
228.084 12.563739419083051 234 lat: 28
228.258 11.866559086984811 235 lat: 23
228.418 11.73610042025658 235 lat: 21
228.583 11.786112404618693 236 lat: 25
228.748 11.637314889194368 238 lat: 24
228.919 13.99962816184867 239 lat: 26
229.089 14.901878931631359 240 lat: 26
229.256 15.048320335089647 240 lat: 26
229.425 15.37030695431704 241 lat: 29
229.605 10.569818841146741 241 lat: 32
