0.148 0.017187597868821312 16 lat: 24
0.317 0.080036582409934 16 lat: 19
0.484 0.23236919302940742 16 lat: 23
0.654 0.3471813156693032 16 lat: 23
0.838 0.4863970142267081 16 lat: 33
1.027 0.5280193010290956 16 lat: 36
1.215 0.5070018615140559 16 lat: 30
1.382 1.5394436950951143 17 lat: 27
1.555 1.93755195781914 17 lat: 31
1.716 3.5167125955198952 18 lat: 24
1.883 5.917294646551272 19 lat: 23
2.046 8.773189917855397 20 lat: 21
2.213 10.292615633559922 21 lat: 26
2.375 12.48792562700008 22 lat: 22
2.553 13.702943898133443 23 lat: 29
2.727 14.286395912082998 24 lat: 26
2.891 14.436390904857344 25 lat: 24
3.066 14.859916770388423 26 lat: 27
3.245 18.362434102671408 28 lat: 37
3.421 16.85703909074246 28 lat: 28
3.586 16.185465814435073 29 lat: 21
3.781 15.774459385442839 30 lat: 27
3.975 18.673939872349422 32 lat: 29
4.161 14.049619527156842 32 lat: 34
4.349 18.045207922755523 34 lat: 25
4.517 17.12105419770962 34 lat: 25
4.686 16.756679624881222 35 lat: 23
4.856 16.970107262560894 37 lat: 23
5.026 19.53612758673578 38 lat: 22
5.194 17.65833023306765 39 lat: 26
5.367 19.362511491982602 40 lat: 24
5.534 20.23158115134308 41 lat: 24
5.702 17.195021337372367 42 lat: 26
5.871 16.10381173178481 43 lat: 26
6.039 15.625431262319744 44 lat: 25
6.21 15.414040278287372 45 lat: 27
6.384 15.148045431142112 46 lat: 26
6.554 15.021423268921025 47 lat: 24
6.721 15.028449239357624 48 lat: 25
6.886 14.756862145072557 49 lat: 25
7.054 12.709994506291011 49 lat: 23
7.233 11.78153960651299 50 lat: 25
7.401 11.130746503070919 51 lat: 24
7.568 10.876115741149645 52 lat: 23
7.751 11.208685273771358 53 lat: 40
7.916 16.680783095027213 55 lat: 26
8.087 18.94294441934814 56 lat: 26
8.254 20.045538951242897 57 lat: 24
8.417 20.4741793604456 58 lat: 23
8.577 20.40480196226636 59 lat: 25
8.743 16.79766568090067 60 lat: 23
8.923 15.152871911285308 61 lat: 33
9.105 12.303914231399736 61 lat: 31
9.275 10.819717285241467 62 lat: 26
9.441 10.160103736039428 63 lat: 25
9.605 10.301263667217713 64 lat: 28
9.771 8.606157317623307 64 lat: 24
9.932 12.756279673674857 66 lat: 23
10.093 14.66405908628364 67 lat: 26
10.256 15.62404341653695 68 lat: 25
10.429 13.81013042913419 68 lat: 27
10.615 14.79333086206981 69 lat: 23
10.781 15.874281865859437 71 lat: 24
10.944 13.69815999414541 71 lat: 25
11.11 15.61535278469065 73 lat: 23
11.273 18.46539507949131 74 lat: 24
11.439 17.801016551262038 74 lat: 23
11.786 14.167618737293688 75 lat: 182
12.039 23.176874121638008 78 lat: 24
12.547 28.288459692220137 80 lat: 119
12.958 39.543202858172094 83 lat: 261
13.412 56.127149982490124 86 lat: 70
13.854 73.20246931838523 89 lat: 86
14.161 70.88828614213496 90 lat: 60
14.489 69.97797094478602 92 lat: 61
14.774 64.07525753954427 94 lat: 41
14.98 61.329400341428176 97 lat: 64
15.162 45.266753197710685 97 lat: 32
15.343 40.48616955318566 98 lat: 31
15.521 34.36028658552491 99 lat: 31
15.695 31.72831905750386 101 lat: 37
15.863 21.19628772664938 102 lat: 24
16.028 21.414881509003994 103 lat: 24
16.196 21.263275962722876 104 lat: 27
16.361 18.815542280608014 104 lat: 26
16.529 17.346288700277654 106 lat: 27
16.697 14.211476317453357 106 lat: 23
16.876 16.053530878495362 108 lat: 25
17.044 16.608676970008993 109 lat: 23
17.207 19.08930347348121 110 lat: 20
17.421 17.038312547135362 111 lat: 45
17.592 18.6291601246957 112 lat: 27
17.756 16.145976758366974 113 lat: 22
17.92 15.103605839217796 114 lat: 21
18.087 14.357634660226516 115 lat: 28
18.251 12.11634709367011 115 lat: 24
18.429 11.151931297303646 116 lat: 23
18.615 13.802805980087737 118 lat: 37
18.779 12.439883322531234 118 lat: 22
18.942 12.132244514422496 119 lat: 24
19.111 13.835274820006905 120 lat: 27
19.278 14.815493486764481 121 lat: 27
19.463 10.155632895926065 121 lat: 34
19.656 13.249572950394334 123 lat: 41
19.824 14.563936008529009 124 lat: 25
19.991 15.091193766419174 125 lat: 26
20.172 15.012628588447402 126 lat: 33
20.349 17.012742282870036 127 lat: 31
20.518 13.42120200987145 127 lat: 22
20.693 14.648650152294922 129 lat: 22
20.861 15.03140481312536 130 lat: 24
21.034 13.176028885669133 130 lat: 25
21.204 12.53694034839429 131 lat: 22
21.369 14.124996144305513 132 lat: 22
21.547 15.311948605363703 134 lat: 39
21.718 13.368597083696718 134 lat: 20
21.885 17.43734715393693 136 lat: 24
22.1 16.68333331747302 136 lat: 32
22.27 16.472767165269516 137 lat: 24
22.453 13.115256471548825 138 lat: 24
22.623 14.264875847337464 139 lat: 24
22.791 12.393086278632133 140 lat: 24
23.016 14.113085045374882 141 lat: 57
23.183 18.308366136353794 143 lat: 23
23.349 19.832381530291386 144 lat: 24
23.514 20.434232908775723 145 lat: 26
23.68 19.93902003104471 146 lat: 23
23.845 17.507888043451477 146 lat: 24
24.013 12.88411236336159 147 lat: 24
24.18 11.16279274550468 148 lat: 23
24.347 10.651017599511754 149 lat: 26
24.512 10.897985060782942 150 lat: 24
24.681 13.029570071424889 151 lat: 25
24.854 14.264016336556711 152 lat: 27
25.016 14.922012803142628 153 lat: 24
25.198 15.17509484499776 154 lat: 29
25.395 15.141400427700297 155 lat: 42
25.562 15.203071731558474 156 lat: 26
25.726 15.04598940622741 157 lat: 24
25.924 15.044883098645489 158 lat: 34
26.131 14.810518066341839 159 lat: 44
26.327 14.971466896341678 160 lat: 33
26.528 15.062515564422364 161 lat: 34
26.708 18.494144561302495 163 lat: 29
26.88 19.547399429038553 164 lat: 24
27.049 19.925486987491258 165 lat: 27
27.217 19.776472737964816 166 lat: 25
27.382 17.753061391345113 166 lat: 24
27.55 13.25491933096179 167 lat: 22
27.725 14.174578244239143 169 lat: 39
27.891 12.448434610563236 169 lat: 24
28.071 12.003114320665498 170 lat: 29
28.249 13.759993676657253 171 lat: 29
28.417 17.68381090502583 173 lat: 22
28.587 14.041577417517075 173 lat: 24
28.754 14.797308832068213 174 lat: 26
28.92 14.569817865825328 175 lat: 23
29.086 14.506893867596204 176 lat: 27
29.261 9.351842381985826 176 lat: 25
29.427 9.603001635371463 177 lat: 22
29.592 7.839375352551032 177 lat: 20
29.76 7.075026980909723 178 lat: 24
29.92 6.625036158211769 179 lat: 23
30.09 8.600411086258735 180 lat: 27
30.252 7.563543150553448 180 lat: 23
30.415 8.928625567719065 181 lat: 20
30.579 9.715820230443626 182 lat: 25
30.742 10.54833118433575 183 lat: 23
30.916 8.770282682785062 183 lat: 29
31.086 16.640152088539597 186 lat: 23
31.249 17.20999947447673 186 lat: 24
31.416 17.556422402806454 187 lat: 25
31.581 17.672503884467222 188 lat: 24
31.747 19.880898646388417 189 lat: 25
31.913 17.589545879457237 191 lat: 24
32.084 16.892592525863943 191 lat: 25
32.28 19.242612838924636 193 lat: 29
32.453 17.239433864884948 193 lat: 25
32.618 16.40133860871684 194 lat: 24
32.783 12.76412366535291 195 lat: 26
32.948 13.846354025157348 196 lat: 24
33.153 9.684018968541253 196 lat: 66
33.318 12.7738448110548 198 lat: 22
33.484 13.900796060701 199 lat: 26
33.649 12.312539693820314 199 lat: 23
33.812 11.753597425978255 200 lat: 25
33.995 13.195635204582878 201 lat: 35
34.204 14.51869247398854 203 lat: 34
34.384 12.688365293423725 203 lat: 33
34.553 13.855319861328406 204 lat: 25
34.719 17.609567395932686 206 lat: 23
34.888 16.770971161123747 206 lat: 28
35.068 13.414577820264842 207 lat: 23
35.235 14.6831694918831 208 lat: 22
35.402 18.777797748935058 210 lat: 24
35.582 14.58947445996745 210 lat: 27
35.747 15.33687129294622 211 lat: 24
35.925 18.697097554338285 213 lat: 30
36.094 17.351036034928867 213 lat: 26
36.265 13.2314231874932 214 lat: 28
36.449 14.337021572438593 215 lat: 34
36.665 12.983824437306806 215 lat: 36
36.84 12.575976826790761 217 lat: 24
37.01 15.17013525228795 218 lat: 23
37.175 20.076859898014877 220 lat: 23
37.345 21.602664128505584 221 lat: 24
37.508 24.610929965386088 222 lat: 22
37.692 22.88666601109019 223 lat: 31
37.876 22.092468146634342 224 lat: 27
38.041 18.14791007516439 225 lat: 24
38.231 17.029522689129198 226 lat: 27
38.458 19.65145912233562 228 lat: 83
38.619 24.4865531116862 230 lat: 25
38.788 23.43170318289729 230 lat: 29
38.95 25.473632773098227 232 lat: 23
39.129 23.632494166859015 232 lat: 32
39.297 19.589920064069588 233 lat: 25
39.462 14.028080334158354 234 lat: 25
39.627 14.669523469398538 235 lat: 23
39.802 12.528690522406174 236 lat: 24
39.965 12.09532161818219 236 lat: 23
40.131 18.902966988157228 239 lat: 28
40.303 18.250237848263698 239 lat: 24
40.467 21.3187180643024 241 lat: 25
40.661 19.747969355649296 241 lat: 34
40.854 19.25923774822483 241 lat: 32
41.022 10.355651992063972 241 lat: 25
41.183 8.48897285722522 241 lat: 24
41.362 31929.6290665147 241 lat: 23
41.536 37564.76304665348 241 lat: 24
41.718 38656.48949529887 239 lat: 28
41.891 38844.66933474086 239 lat: 23
42.079 38895.61596075559 237 lat: 46
42.242 6976.456900515586 237 lat: 22
42.412 1342.610730429888 236 lat: 27
42.577 254.3870322324117 234 lat: 28
42.745 70.64173497897428 232 lat: 24
42.909 20.030872025602235 232 lat: 21
43.083 14.930263760350483 230 lat: 31
43.257 12.39939285097295 230 lat: 29
43.435 11.007618655990228 228 lat: 22
43.621 6.423041490558658 228 lat: 26
43.794 8.198546638951825 226 lat: 24
43.958 6.945416056263962 225 lat: 23
44.136 8.064562108196228 224 lat: 37
44.307 6.4995574234202085 223 lat: 26
44.475 6.358185879475499 223 lat: 22
44.645 6.176202997295737 221 lat: 22
44.807 6.193235601272329 220 lat: 22
44.969 6.306157779015386 219 lat: 23
45.133 5.3124053885317135 219 lat: 24
45.302 5.684424660593654 218 lat: 23
45.464 4.278103781790031 217 lat: 22
45.629 3.7099820010514937 216 lat: 21
45.794 3.045277479368664 215 lat: 23
45.978 3.994439765866473 214 lat: 34
46.156 4.577121654834022 213 lat: 32
46.32 4.802949109679882 212 lat: 23
46.49 4.808938080299278 211 lat: 22
46.681 7.20317251740026 209 lat: 46
46.846 8.022556559890539 208 lat: 23
47.021 7.136552552793021 208 lat: 34
47.189 6.678020734123344 207 lat: 29
47.357 6.633234647899822 206 lat: 25
47.541 4.427985617674293 205 lat: 22
47.707 3.710157459647202 204 lat: 24
47.869 4.651334103630781 203 lat: 22
48.035 5.088688615393546 202 lat: 23
48.215 5.0593862752820735 201 lat: 29
48.403 5.234879820994525 200 lat: 31
48.568 7.481923647374762 198 lat: 23
48.734 6.652602873563222 198 lat: 22
48.904 6.437614481533181 197 lat: 23
49.068 8.872897426346725 195 lat: 26
49.233 7.9672576900188306 195 lat: 26
49.398 5.170755564510265 194 lat: 23
49.571 5.817648722454471 193 lat: 24
49.78 6.0562403688651445 192 lat: 39
49.976 3.805915737836195 191 lat: 22
50.155 4.628259385855463 190 lat: 35
50.329 5.297922238744555 189 lat: 27
50.495 5.645591012716677 188 lat: 24
50.669 5.6530977829957045 187 lat: 28
50.838 5.728172362143821 186 lat: 23
51.032 5.826228090658013 185 lat: 50
51.2 4.615843128528923 185 lat: 25
51.366 3.9175544307664056 184 lat: 25
51.534 6.098073799820263 182 lat: 25
51.702 5.2229303119106625 182 lat: 23
51.867 4.647233399810592 181 lat: 24
52.038 5.457195518414601 180 lat: 25
52.211 5.836842061838166 179 lat: 27
52.375 3.5978099079189825 178 lat: 23
52.545 4.389439674293079 177 lat: 26
52.72 5.003426686691201 176 lat: 22
52.885 5.2642884893545805 175 lat: 23
53.066 4.416081101097429 175 lat: 27
53.27 3.854305529748315 174 lat: 43
53.478 5.150435493010907 172 lat: 51
53.701 5.446382128581125 171 lat: 57
53.889 4.462939427958576 171 lat: 42
54.066 13.301686823073346 167 lat: 28
54.234 14.072030678460022 167 lat: 28
54.396 15.200461542860637 165 lat: 22
54.566 13.996692515325343 165 lat: 26
54.733 14.599086647801863 164 lat: 26
54.931 6.527870764637265 163 lat: 56
55.098 8.351713514349736 161 lat: 22
55.261 6.502602703790367 160 lat: 23
55.425 7.470200152587427 159 lat: 26
55.593 7.871472955997189 158 lat: 23
55.766 7.9002049430787755 157 lat: 26
55.925 5.806274819752326 156 lat: 23
56.089 5.144995888064312 155 lat: 28
56.255 5.019676603979702 154 lat: 24
56.423 4.9693172858969366 153 lat: 23
56.589 5.066475477217784 152 lat: 25
56.753 5.225947157781292 151 lat: 24
56.924 5.22289943971145 150 lat: 31
57.094 4.85390490828617 149 lat: 28
57.254 4.715382015279609 148 lat: 24
57.417 7.010598045224823 146 lat: 22
57.58 6.260075517005536 146 lat: 25
57.753 5.909818545294041 145 lat: 24
57.931 6.040687691332494 144 lat: 24
58.103 6.267667387080797 143 lat: 26
58.267 4.200913376334061 142 lat: 24
58.433 4.928863481272365 141 lat: 24
58.597 5.194491877914887 140 lat: 25
58.779 5.344878226690886 139 lat: 29
58.957 5.077845102153952 138 lat: 29
59.126 4.823080472207673 137 lat: 28
59.288 4.769209253891891 136 lat: 20
59.453 7.114304283931208 134 lat: 26
59.64 6.316230161156685 134 lat: 25
59.805 6.086958133493757 133 lat: 21
59.971 8.11007095464658 131 lat: 25
60.133 7.447195403860999 131 lat: 25
60.304 6.770429314691236 129 lat: 22
60.477 6.661132394899381 129 lat: 27
60.636 8.585971909719998 127 lat: 21
60.806 5.92299334762637 127 lat: 33
60.977 6.237357728494172 126 lat: 29
61.143 4.447095723165155 125 lat: 25
61.312 5.235145791312599 124 lat: 23
61.481 5.730551897153141 122 lat: 24
61.648 5.857735365770607 122 lat: 24
61.812 5.98142539451368 121 lat: 24
61.983 5.23399607497342 121 lat: 31
62.153 6.134302961538263 119 lat: 24
62.32 4.537299800291763 118 lat: 25
62.483 8.184046027003504 116 lat: 27
62.65 7.80618226734613 116 lat: 25
62.821 7.793060733950191 116 lat: 25
62.99 8.059225115362425 114 lat: 29
63.17 6.735903726051608 114 lat: 36
63.383 3.2872892228805344 113 lat: 33
63.56 3.8872050574094223 112 lat: 28
63.731 4.779264490975896 111 lat: 27
63.915 3.549677055300572 110 lat: 34
64.108 6.4816004462206145 108 lat: 39
64.284 7.903056019903168 107 lat: 29
64.451 8.33739947460252 106 lat: 27
64.612 7.62756053213755 106 lat: 23
64.778 7.334929998017859 105 lat: 23
64.944 4.220080000307361 105 lat: 24
65.113 2.5349997655737986 104 lat: 29
65.278 1.7199394948722144 103 lat: 22
65.455 2.138806713203886 102 lat: 25
65.649 4.298349190165247 100 lat: 26
65.824 8.490216118131627 98 lat: 24
66.0 8.585579741899153 98 lat: 27
66.191 10.728954736252614 96 lat: 24
66.36 11.828240921118729 95 lat: 27
66.528 10.386466440519921 94 lat: 26
66.694 7.437330009112341 93 lat: 22
66.885 8.106166964718014 92 lat: 46
67.072 6.3831272889609645 91 lat: 40
67.254 5.743336300443307 90 lat: 32
67.417 5.577556911493401 89 lat: 24
67.588 5.414145252675578 88 lat: 26
67.751 5.286612682016694 87 lat: 23
67.917 5.572827854797354 86 lat: 23
68.1 7.962347014967996 84 lat: 30
68.265 7.2449400300041 84 lat: 25
68.431 6.858443170602009 83 lat: 25
68.599 5.9243373746924854 83 lat: 23
68.761 6.773078742510358 81 lat: 23
68.928 3.461264928146563 81 lat: 23
69.097 3.5287661120805174 80 lat: 25
69.264 6.084840158676954 78 lat: 25
69.426 7.783379655901557 77 lat: 21
69.594 5.761055804244268 77 lat: 28
69.761 6.115882941725413 76 lat: 25
69.942 6.346927763184739 75 lat: 30
70.117 4.126850082952842 74 lat: 30
70.284 3.375737973249197 73 lat: 24
70.465 3.295083957252048 73 lat: 31
70.643 4.806798288495168 71 lat: 30
70.816 5.481776701284484 70 lat: 26
70.977 5.71685306710399 69 lat: 25
71.146 5.768672712140573 68 lat: 23
71.31 6.769596526679596 67 lat: 23
71.472 5.804423616141178 66 lat: 21
71.64 5.359983181554975 65 lat: 26
71.8 5.2201078345795064 64 lat: 24
71.964 5.245386342839367 63 lat: 25
72.132 4.222455425613942 63 lat: 27
72.298 5.176181699206762 61 lat: 21
72.465 8.340335806109639 59 lat: 24
72.63 7.6654757141373935 59 lat: 24
72.799 7.240519097691879 58 lat: 29
72.969 8.000659604264792 57 lat: 28
73.181 7.008171538877381 56 lat: 31
73.353 6.072590300609932 54 lat: 28
73.518 5.919315805865737 54 lat: 24
73.682 8.204774464021568 52 lat: 21
73.845 9.078086982639235 51 lat: 27
74.009 8.212626674285676 51 lat: 25
74.176 5.756681792979006 50 lat: 23
74.341 6.436375026145595 49 lat: 25
74.508 3.610838893302346 49 lat: 25
74.675 2.538197823770672 48 lat: 26
74.845 2.404716573814006 48 lat: 27
75.006 1.9801494373276864 47 lat: 23
75.182 3.624142152039936 45 lat: 33
75.353 5.315813504702365 44 lat: 27
75.517 6.165295552932914 43 lat: 25
75.674 7.069176668008963 42 lat: 19
75.842 6.78059851618351 42 lat: 27
76.012 6.261714923396546 40 lat: 25
76.177 5.687911421311363 39 lat: 24
76.345 5.51821560869001 38 lat: 26
76.504 7.8385690414859095 36 lat: 24
76.672 8.090422124547796 36 lat: 31
76.863 6.749920550823298 35 lat: 24
77.023 6.560879043079357 34 lat: 22
77.196 6.4018976202357685 33 lat: 34
77.374 4.3044079571287766 32 lat: 28
77.532 4.071926090846853 32 lat: 22
77.701 3.3148375434217106 32 lat: 26
77.864 6.586748590062607 29 lat: 23
78.027 7.869775666306204 28 lat: 24
78.194 8.180770847037364 27 lat: 25
78.358 9.357049933002404 26 lat: 23
78.577 10.478337745280399 25 lat: 33
78.761 7.29626372118214 24 lat: 31
78.941 5.904423773890615 23 lat: 31
79.104 5.553182800254222 22 lat: 22
79.27 5.440224913502263 21 lat: 24
79.431 5.355219095184863 20 lat: 22
79.6 5.1620175546287115 19 lat: 27
79.766 5.299868155491736 18 lat: 25
79.933 5.124239115036945 17 lat: 27
80.112 31712.484388296532 17 lat: 29
80.286 37250.68150991788 16 lat: 25
80.454 38351.07748611693 18 lat: 25
80.621 38575.45709418208 19 lat: 29
80.83 38627.857725460504 20 lat: 47
81.017 6943.195551609308 22 lat: 46
81.18 1413.0988325763367 23 lat: 26
81.347 316.9981382981193 24 lat: 23
81.52 95.40391360912358 25 lat: 22
81.686 43.23517652169713 25 lat: 26
81.855 24.693993472105728 27 lat: 24
82.028 19.407757085428532 28 lat: 28
82.202 17.566797704335336 29 lat: 31
82.367 25.179541215719013 32 lat: 22
82.532 26.452995322808494 32 lat: 26
82.701 21.92553932801076 32 lat: 30
82.863 20.122145552623195 33 lat: 23
83.048 19.461356657748194 34 lat: 35
83.224 10.762746988334364 35 lat: 31
83.39 14.941087072364525 37 lat: 24
83.58 18.437908993534045 38 lat: 31
83.768 19.506314389686203 39 lat: 34
83.942 19.593809727711424 40 lat: 28
84.111 17.591203898542478 40 lat: 26
84.275 12.972286054109288 41 lat: 21
84.441 11.239498608719947 42 lat: 23
84.604 10.913837184346042 43 lat: 24
84.773 11.150822535417433 44 lat: 25
84.938 13.43294425139982 45 lat: 26
85.101 14.289435176403611 46 lat: 20
85.267 14.77206130932573 47 lat: 25
85.431 14.829333923993525 48 lat: 25
85.6 14.74191565768281 49 lat: 23
85.818 12.456342748838022 49 lat: 57
85.982 14.462934487974664 51 lat: 24
86.156 12.685991992914179 51 lat: 27
86.323 15.142668815425171 53 lat: 22
86.492 16.00020970416129 54 lat: 29
86.661 18.192995047141192 55 lat: 26
86.843 16.240947196325827 56 lat: 35
87.038 17.860608454765547 57 lat: 54
87.217 15.361515774365193 58 lat: 32
87.394 14.603877644873288 59 lat: 37
87.554 12.452023695836397 59 lat: 21
87.718 11.604181483538184 60 lat: 24
87.885 11.101125982397573 61 lat: 27
88.054 14.016619733529986 63 lat: 24
88.253 12.152870348563468 63 lat: 24
88.422 13.26787061608605 64 lat: 24
88.591 11.791302822194137 64 lat: 24
88.776 11.267416282211446 65 lat: 29
88.945 8.15632189716101 66 lat: 27
89.112 9.822600569205576 67 lat: 28
89.28 11.02902960227991 68 lat: 27
89.442 13.559531898570908 69 lat: 23
89.609 18.55591591559925 71 lat: 24
89.78 20.140581672599524 72 lat: 26
89.947 20.782866183297656 73 lat: 23
90.11 20.828871117721445 74 lat: 23
90.278 18.608962570093972 74 lat: 26
90.446 13.826520849595289 75 lat: 25
90.624 11.932061451154938 76 lat: 32
90.804 11.247306975994839 77 lat: 33
90.974 11.140080978117727 78 lat: 29
91.136 13.215997553619802 79 lat: 19
91.302 14.260262902333736 80 lat: 26
91.468 14.961430601616327 81 lat: 25
91.637 15.095958700055688 82 lat: 25
91.829 15.058625598022426 83 lat: 25
91.997 15.221383726916802 84 lat: 27
92.158 15.065381686843924 85 lat: 19
92.35 15.023216417573744 86 lat: 51
92.533 14.988085010261521 87 lat: 28
92.706 14.91349637408911 88 lat: 24
92.869 14.600802625183135 89 lat: 24
93.041 14.07727013353956 90 lat: 24
93.204 13.719732501816342 91 lat: 26
93.367 11.700268858618282 91 lat: 26
93.554 10.426188085232635 92 lat: 26
93.719 10.289687413683279 93 lat: 25
93.9 10.71722151316656 94 lat: 32
94.074 14.144359768610109 96 lat: 27
94.247 14.832260555509396 96 lat: 26
94.414 15.571367714285838 97 lat: 23
94.584 15.68521612039476 98 lat: 26
94.75 15.751492136155026 99 lat: 25
94.92 12.781691526878088 100 lat: 28
95.084 14.363650089715183 101 lat: 25
95.251 14.980418439219763 102 lat: 28
95.415 15.294757065139672 103 lat: 23
95.583 15.445137133689348 104 lat: 26
95.757 15.158267415617551 105 lat: 21
95.928 14.998099490107515 106 lat: 28
96.092 12.820709131647028 106 lat: 22
96.258 14.594837591708092 108 lat: 20
96.423 15.365616344360387 109 lat: 25
96.614 15.660885168400124 110 lat: 45
96.786 15.680543483951517 111 lat: 27
96.95 15.532211159764074 111 lat: 23
97.118 15.308534815342512 113 lat: 23
97.285 12.73645581128407 113 lat: 24
97.448 11.941426672484416 114 lat: 22
97.61 15.009323993851567 116 lat: 22
97.784 18.509847523359248 117 lat: 28
97.952 15.00661822227641 117 lat: 24
98.114 19.100491835085585 119 lat: 27
98.307 20.60417969626552 120 lat: 44
98.501 17.860981539722662 121 lat: 46
98.665 14.574583829646835 121 lat: 23
98.836 18.36470454426567 123 lat: 28
99.008 16.382462103029436 124 lat: 28
99.17 15.892253719147197 125 lat: 24
99.34 15.273139781915397 126 lat: 22
99.511 17.431073524761203 127 lat: 27
99.685 13.356017308877576 127 lat: 31
99.852 12.319191935220276 128 lat: 27
100.021 11.943191674761483 129 lat: 25
100.192 15.237691159869527 131 lat: 26
100.353 16.147841953111666 132 lat: 19
100.528 18.888955944605254 133 lat: 33
100.709 19.699133714848568 134 lat: 22
100.926 19.906540823106646 135 lat: 38
101.085 17.00514869315076 136 lat: 22
101.256 15.948110373849225 137 lat: 25
101.442 15.498217820947284 138 lat: 41
101.609 16.140703671779082 139 lat: 22
101.777 16.366999917306483 140 lat: 25
101.939 19.5416805877162 142 lat: 24
102.107 20.967621751322653 143 lat: 25
102.276 21.208071928358045 144 lat: 29
102.441 20.27858786938738 145 lat: 25
102.602 19.806572533814577 146 lat: 20
102.77 14.450049099373075 146 lat: 25
102.936 11.87335163155418 147 lat: 23
103.118 10.872808610408457 148 lat: 33
103.302 10.561034601007274 149 lat: 34
103.466 10.557704888757035 150 lat: 23
103.64 12.487009380304373 151 lat: 23
103.811 13.184597529090569 152 lat: 24
103.975 11.643752945114631 152 lat: 22
104.143 9.583341708475109 152 lat: 25
104.307 11.048346931364371 154 lat: 26
104.484 15.301145635536006 156 lat: 29
104.651 14.682586493307614 156 lat: 26
104.817 16.30924313197839 157 lat: 26
104.987 18.732342277103882 158 lat: 27
105.154 17.234448116660236 159 lat: 24
105.32 16.566599895464513 161 lat: 23
105.493 16.42458281387274 161 lat: 28
105.663 16.41430259806224 162 lat: 25
105.826 19.42173702698946 164 lat: 24
105.988 18.02541558674234 164 lat: 19
106.155 13.794790057120926 165 lat: 23
106.328 17.7793340250727 167 lat: 28
106.505 16.953635024414893 167 lat: 28
106.701 13.473573977345243 168 lat: 30
106.868 18.418389021301174 170 lat: 25
107.029 17.85288954498603 170 lat: 24
107.21 17.25349374538756 172 lat: 30
107.386 19.300082832105737 173 lat: 29
107.551 17.886310310877956 173 lat: 23
107.726 13.62842941816635 174 lat: 24
107.892 14.508187522593179 175 lat: 23
108.058 15.415749356079994 177 lat: 22
108.227 13.177035818953678 177 lat: 27
108.396 14.41889059089943 178 lat: 25
108.563 15.026200970165405 179 lat: 31
108.728 15.433585282145703 180 lat: 25
108.896 12.518876491999912 181 lat: 22
109.064 14.378055644015973 182 lat: 22
109.232 15.124840001877565 183 lat: 27
109.401 18.934563650390274 185 lat: 25
109.609 17.717281346020293 185 lat: 61
109.79 19.744794979475078 187 lat: 29
109.955 23.80564718003842 189 lat: 25
110.122 22.70548828550534 189 lat: 22
110.282 16.809982504185328 189 lat: 20
110.447 19.810345804622816 191 lat: 23
110.608 18.119342752319742 192 lat: 22
110.775 13.637400520148258 193 lat: 30
110.942 14.817161261952663 194 lat: 23
111.124 15.100522566302152 194 lat: 27
111.3 15.11060279071635 196 lat: 31
111.461 15.47366707636337 197 lat: 23
111.628 13.709021933019653 197 lat: 23
111.79 15.641947459975544 199 lat: 22
111.954 18.50073139269752 200 lat: 23
112.121 14.644261007766438 200 lat: 23
112.326 12.735164112557577 201 lat: 37
112.493 14.048945357654825 202 lat: 24
112.656 11.585424952096451 203 lat: 24
112.818 10.555623970706538 204 lat: 25
112.981 10.563949965858962 204 lat: 22
113.152 10.759216966990524 205 lat: 28
113.323 10.981770965707126 206 lat: 26
113.489 10.999311217665792 207 lat: 22
113.656 10.708605224562673 208 lat: 23
113.825 12.544064180945732 209 lat: 25
113.986 11.300176538454162 209 lat: 23
114.155 2963.6127272043295 140 lat: 27
114.319 4156.868220498496 212 lat: 23
114.484 4371.7097235588435 212 lat: 25
114.649 4421.185605698123 213 lat: 23
114.814 4436.693996212888 214 lat: 26
114.995 1489.2653094141326 215 lat: 31
115.175 298.0103301001749 216 lat: 33
115.342 84.37584621769437 217 lat: 24
115.505 35.66476557138517 218 lat: 22
115.672 22.448262698601646 219 lat: 27
115.833 17.877503255493956 220 lat: 23
116.018 16.54786370143782 221 lat: 41
116.25 16.081294181712575 222 lat: 31
116.433 19.26849898837905 224 lat: 31
116.601 21.099740639064372 225 lat: 26
116.774 21.610313004317923 226 lat: 28
116.951 25.002594497437148 228 lat: 29
117.135 23.72252061278013 228 lat: 28
117.305 22.39995138367268 230 lat: 25
117.47 21.582924959793086 231 lat: 26
117.656 21.672287090143968 232 lat: 32
117.839 18.510430470277107 233 lat: 31
118.011 23.013117294841795 235 lat: 26
118.18 19.502865919379527 235 lat: 26
118.351 20.780046846235994 237 lat: 23
118.519 21.47397835829237 238 lat: 23
118.688 19.310843602740572 238 lat: 26
118.857 18.581812632728518 240 lat: 26
119.029 24.094368575972105 242 lat: 24
119.198 20.71094231564682 242 lat: 26
119.369 17.30878006153257 242 lat: 28
119.535 16.388962696074394 242 lat: 25
119.7 10.86273971348661 242 lat: 26
119.868 31934.673254876838 242 lat: 26
120.039 37561.23839985153 242 lat: 26
120.206 38544.164918695715 242 lat: 25
120.373 38755.87510642318 240 lat: 25
120.541 38791.802842645266 240 lat: 23
120.703 6875.592008492164 238 lat: 25
120.87 1251.407235868288 237 lat: 25
121.036 269.9232154361697 236 lat: 22
121.202 59.5195346526687 235 lat: 23
121.379 24.844165241349604 234 lat: 30
121.568 10.828773617229935 233 lat: 38
121.744 6.4541034711146725 233 lat: 30
121.915 9.144836771407252 230 lat: 28
122.081 7.9245250340091555 230 lat: 24
122.264 7.253810512552976 229 lat: 32
122.447 7.3493763023694205 228 lat: 28
122.618 10.746176932723284 226 lat: 25
122.784 6.1129264039351865 226 lat: 23
122.948 6.304029594871142 225 lat: 25
123.115 6.334462364116422 224 lat: 25
123.284 6.356324787366497 223 lat: 28
123.461 4.0456554462895475 222 lat: 32
123.622 4.81800937080198 221 lat: 23
123.792 4.334143600017261 221 lat: 27
123.973 4.117168686983081 220 lat: 29
124.138 3.0670929571858663 220 lat: 24
124.311 4.0131204798540985 218 lat: 25
124.48 3.146737679352117 218 lat: 25
124.649 5.59971256755439 216 lat: 25
124.829 5.230557971248336 216 lat: 33
125.01 5.821139298390272 215 lat: 32
125.175 4.398348070726143 214 lat: 23
125.335 4.995755667666574 213 lat: 19
125.502 3.3559986464894855 212 lat: 25
125.671 4.044383545837881 211 lat: 26
125.838 4.485399777977618 210 lat: 26
126.005 7.080433290844683 208 lat: 24
126.182 6.5201743692023335 208 lat: 26
126.348 6.280683104355891 207 lat: 24
126.513 6.102406088254825 206 lat: 24
126.678 5.953096707102749 205 lat: 23
126.847 5.4771164700241 203 lat: 27
127.016 5.4797606522364095 203 lat: 25
127.178 7.426474704793377 201 lat: 21
127.345 8.20879797958953 200 lat: 27
127.505 7.425358035043918 200 lat: 24
127.672 5.22123434931252 199 lat: 26
127.838 5.651008809010874 198 lat: 24
128.002 3.787214080846655 197 lat: 20
128.166 3.136887654859196 196 lat: 24
128.334 3.8182487070303 195 lat: 24
128.503 4.076762340913158 194 lat: 27
128.68 6.498586134097952 192 lat: 30
128.849 7.263993300094669 191 lat: 26
129.022 7.861332997010983 190 lat: 28
129.19 8.528090454614137 189 lat: 28
129.353 9.096552956610864 188 lat: 24
129.537 6.059838501699279 188 lat: 36
129.715 5.042123416107643 187 lat: 32
129.88 4.414355133410212 186 lat: 23
130.046 3.9297373642793803 185 lat: 22
130.212 2.537589280601373 185 lat: 24
130.373 4.768870723957546 183 lat: 23
130.54 4.334859625488675 183 lat: 28
130.707 4.015231519651069 182 lat: 25
130.871 5.7918484890861865 180 lat: 20
131.037 7.473795120511354 179 lat: 24
131.204 6.23949281341657 178 lat: 24
131.375 7.212761871303048 177 lat: 30
131.664 7.831049626349814 176 lat: 27
132.122 8.491122351645512 174 lat: 75
132.364 11.439465685561277 172 lat: 72
132.655 15.876612389621446 170 lat: 130
133.04 15.282835655581643 170 lat: 129
133.502 16.89374787192306 168 lat: 189
133.823 26.481183710785796 164 lat: 47
134.423 30.387782782498135 162 lat: 62
135.126 49.65734092089485 157 lat: 410
135.306 67.6494855641979 154 lat: 32
135.483 70.767517838447 153 lat: 26
135.677 60.36225043521035 152 lat: 41
135.886 53.423210768990785 151 lat: 28
136.103 32.41119133981383 149 lat: 26
136.269 14.273832642517673 149 lat: 25
136.447 9.282072256378221 148 lat: 33
136.617 7.68294047189924 147 lat: 25
136.784 7.163278681269104 146 lat: 27
136.951 4.416746491872809 145 lat: 23
137.123 4.127364625232254 145 lat: 25
137.289 5.5503366059800925 143 lat: 23
137.454 4.754957287508203 143 lat: 23
137.617 4.249784728809954 142 lat: 23
137.79 4.156431301593807 141 lat: 31
137.953 5.143915925379726 140 lat: 24
138.123 3.726495116327378 139 lat: 28
138.297 4.473965590802591 138 lat: 26
138.469 5.034302511646528 137 lat: 29
138.709 5.1643371263051 136 lat: 26
138.873 5.139056170742025 135 lat: 26
139.061 5.382239662675237 134 lat: 33
139.242 5.454277299981618 133 lat: 30
139.416 5.35223329580323 132 lat: 25
139.582 5.317353505704229 131 lat: 23
139.749 5.2621431863042805 130 lat: 32
139.926 5.3137116136415745 129 lat: 25
140.094 5.504249684118976 128 lat: 26
140.262 4.497913634692161 128 lat: 27
140.427 3.913938378553317 127 lat: 23
140.611 3.604600497826067 126 lat: 34
140.791 3.3158446677814384 125 lat: 29
140.956 5.17941059341684 123 lat: 22
141.12 6.970573880684107 122 lat: 24
141.281 7.856866743678393 121 lat: 23
141.448 7.235172948061038 121 lat: 23
141.617 6.920288499389857 120 lat: 26
141.781 4.580320916552939 119 lat: 23
141.944 3.688362149547176 118 lat: 23
142.13 5.597424098614545 116 lat: 37
142.313 5.838961563934188 116 lat: 37
142.523 7.910459683079434 114 lat: 42
142.697 8.836490995260599 113 lat: 30
142.874 8.978971401025792 112 lat: 34
143.046 6.757558091016599 111 lat: 24
143.22 7.61505292896129 110 lat: 27
143.386 6.118508512345642 109 lat: 26
143.586 4.5172062471945935 109 lat: 54
143.757 5.38264037748031 107 lat: 22
143.928 5.802122756329302 106 lat: 26
144.09 5.972973277481896 105 lat: 25
144.256 5.969411864904024 104 lat: 24
144.42 6.824224483574706 103 lat: 24
144.602 4.876953149914717 103 lat: 37
144.772 8.65088989173826 100 lat: 28
144.941 7.904382676458247 100 lat: 22
145.102 7.593315255755146 99 lat: 20
145.272 7.717405278893015 98 lat: 28
145.437 8.732667765107514 97 lat: 24
145.601 4.618388328990732 96 lat: 22
145.79 4.918206784588884 95 lat: 20
145.954 4.121545205324826 95 lat: 23
146.123 5.306945241175219 93 lat: 28
146.292 5.849777294964195 92 lat: 28
146.457 4.872327025505001 92 lat: 27
146.63 4.619040013741412 91 lat: 26
146.811 5.515463070748616 90 lat: 24
146.982 4.341384698667414 89 lat: 27
147.148 3.8748662626234474 88 lat: 25
147.328 4.852330030808254 87 lat: 36
147.499 5.426929094119893 86 lat: 23
147.675 4.616824995711167 86 lat: 33
147.863 4.155270734403192 85 lat: 27
148.031 3.8187678379486503 84 lat: 24
148.205 3.6525704271777815 83 lat: 27
148.375 3.4977853923971685 82 lat: 27
148.554 4.3928416217767845 81 lat: 29
148.732 4.721783805958992 80 lat: 32
148.9 4.892115300748071 79 lat: 26
149.07 7.499104627125796 77 lat: 25
149.239 6.699988006052982 77 lat: 24
149.403 6.332618260173023 76 lat: 20
149.569 6.3210920906850525 75 lat: 25
149.733 5.394202117871414 75 lat: 23
149.905 2.3171174711455267 74 lat: 28
150.109 5.101425663215398 72 lat: 23
150.276 4.800311345488889 72 lat: 27
150.444 4.656606960120994 71 lat: 31
150.618 5.550287782387592 70 lat: 34
150.779 5.086781540971061 70 lat: 22
150.941 2.5491826345108874 69 lat: 20
151.111 3.0248573828122876 68 lat: 27
151.321 3.0389203200190713 67 lat: 24
151.486 3.119703921804744 66 lat: 23
151.652 5.961666648893551 64 lat: 20
151.82 5.782337601096147 64 lat: 27
151.988 7.39423816394409 62 lat: 27
152.155 6.809081817740756 62 lat: 23
152.334 8.487724019464975 60 lat: 33
152.504 7.376961421311073 59 lat: 27
152.688 7.243771614091865 59 lat: 39
152.854 5.406860064442502 58 lat: 24
153.022 6.15767660260878 57 lat: 26
153.206 4.507207360154413 56 lat: 27
153.373 3.777174637891359 55 lat: 24
153.539 4.499069012756969 54 lat: 25
153.727 4.665603606510482 53 lat: 48
153.912 6.600860779845963 51 lat: 37
154.09 10.088309187018837 49 lat: 38
154.255 9.558369962929536 49 lat: 22
154.417 9.402909825766093 48 lat: 25
154.588 9.534363435660334 47 lat: 26
154.753 7.765446684073523 46 lat: 25
154.926 4.37909957387041 45 lat: 26
155.095 4.943910014853386 44 lat: 25
155.26 5.332936748825019 43 lat: 23
155.426 5.479368520908563 42 lat: 25
155.592 4.419913589364681 42 lat: 23
155.762 5.391918982807088 40 lat: 26
155.944 5.534620475689922 39 lat: 38
156.11 5.709289042025586 38 lat: 25
156.277 5.718217033171138 37 lat: 26
156.442 6.762024477979441 36 lat: 26
156.611 5.581990851639192 35 lat: 24
156.774 5.36214479387147 34 lat: 19
156.94 5.062980556498166 33 lat: 25
157.104 4.863687056925201 32 lat: 25
157.291 3.7972113893868076 32 lat: 32
157.467 8.055352597807842 29 lat: 28
157.64 9.31857075589729 28 lat: 29
157.806 9.724346934717111 27 lat: 24
157.965 10.162764714078614 26 lat: 21
158.132 11.498794324967685 25 lat: 24
158.308 7.619957097796204 24 lat: 29
