0.165 0.0379966130863884 219 lat: 31
0.335 1.2463332777699316 220 lat: 24
0.518 1.267655139626915 219 lat: 29
0.698 3.1548851658871797 217 lat: 33
0.869 3.2912035068223924 217 lat: 28
1.056 5.771773195477131 215 lat: 36
1.341 6.432946003576587 214 lat: 29
1.638 7.758232733954802 213 lat: 42
12.103 7.033937146427339 212 lat: 53
17.003 5167.467021934694 122 lat: 1338
17.227 6120.515742705564 121 lat: 43
17.514 6324.55848468572 119 lat: 59
17.852 6379.965905590925 117 lat: 139
18.167 6399.48236871159 115 lat: 76
18.446 1245.2844698960298 114 lat: 40
18.682 296.06154341808434 112 lat: 37
18.933 90.97630149555572 112 lat: 36
19.133 37.57091571340637 110 lat: 35
19.32 17.102026639597952 110 lat: 29
19.556 11.475226004942973 109 lat: 25
19.775 11.188640685665876 106 lat: 41
19.983 10.942780883734779 106 lat: 27
20.192 10.233699348868612 104 lat: 40
20.396 11.594495609553597 103 lat: 33
20.589 14.709752044806313 101 lat: 35
20.767 10.788226952466406 100 lat: 27
20.941 10.378892041433067 100 lat: 28
21.116 8.27722412987521 99 lat: 26
21.297 9.854937343665682 97 lat: 30
21.488 7.648660887257613 96 lat: 40
21.665 5.660527545659109 96 lat: 31
21.839 7.952653798615037 94 lat: 29
22.552 8.915962234247516 93 lat: 45
25.044 62.58296276901313 84 lat: 735
35.41 583.4989347751956 59 lat: 4476
39.271 14470.597392169268 21 lat: 561
39.468 17025.867799400847 22 lat: 35
39.668 17487.232500355385 22 lat: 34
39.841 17546.677684211925 24 lat: 26
40.016 17054.38582388121 25 lat: 29
40.199 3173.376491223803 25 lat: 34
40.382 619.6692430917929 26 lat: 25
40.586 160.48104328365983 27 lat: 27
42.866 47.36854753711543 28 lat: 729
48.437 250.10171214815415 46 lat: 3336
48.952 1080.7800550280408 74 lat: 200
49.475 1273.9133603923597 76 lat: 63
50.304 1342.8302398275114 79 lat: 350
50.988 1413.8852307219013 85 lat: 99
52.339 1256.6792563684244 91 lat: 455
53.81 670.1936339018966 106 lat: 798
54.697 590.5673626742101 111 lat: 110
57.888 677.2902802133299 121 lat: 1972
58.081 853.0277420501061 134 lat: 37
58.267 824.7346207522013 134 lat: 32
58.455 589.591431010223 135 lat: 25
58.632 478.7119106540348 136 lat: 26
58.811 323.80905133609764 137 lat: 26
58.985 77.09143747260612 138 lat: 24
59.155 32.71492379839087 139 lat: 28
59.329 20.5809964125327 140 lat: 28
59.499 16.620029199284833 141 lat: 27
59.682 14.97122809737891 142 lat: 35
59.853 14.988502272943903 143 lat: 30
60.031 12.632845659296608 143 lat: 32
60.202 13.955895139558091 145 lat: 30
60.383 14.8159699613239 146 lat: 32
60.561 13.138612477779407 146 lat: 32
60.737 11.986624101978212 147 lat: 26
60.907 16.72528511548137 149 lat: 26
61.078 16.32019028836865 150 lat: 27
61.251 16.197735850833578 151 lat: 25
61.432 18.131252847737574 152 lat: 30
61.611 16.8394648501235 152 lat: 27
61.784 13.033293279268701 153 lat: 27
61.96 11.429468151836732 154 lat: 30
62.151 10.92852267361071 155 lat: 26
62.328 10.859451195163432 156 lat: 31
62.5 13.179533225616428 157 lat: 28
62.667 14.486708864442106 158 lat: 24
62.841 14.922313449647307 159 lat: 29
63.013 14.90398764276908 160 lat: 25
63.187 14.966909915284504 161 lat: 26
63.353 14.97593966329868 162 lat: 23
63.525 15.027325017961545 163 lat: 28
63.708 18.785521417520677 165 lat: 27
63.881 17.400669818276068 165 lat: 25
64.055 19.558157028447923 167 lat: 27
64.229 17.702526416414695 167 lat: 29
64.403 16.62178530677102 168 lat: 27
64.574 12.4399715518589 169 lat: 25
64.747 13.784697677620304 170 lat: 28
64.915 11.39535989966282 171 lat: 23
65.091 13.097196769907196 172 lat: 30
65.27 14.14290183812958 173 lat: 27
65.443 14.561640717945505 174 lat: 28
65.619 14.89187193377057 175 lat: 30
65.796 14.968730534433524 176 lat: 30
65.981 15.243308750189929 177 lat: 33
66.189 15.376910183830022 178 lat: 29
66.383 15.264010823001467 179 lat: 47
66.569 18.708224278800287 181 lat: 25
66.765 17.914046085243204 181 lat: 26
66.945 20.62758886069694 183 lat: 29
67.113 21.459130211276392 184 lat: 25
67.289 22.315367505499754 185 lat: 29
67.486 21.986380836293332 187 lat: 37
67.66 24.112427409756986 188 lat: 28
67.837 21.726285983782276 189 lat: 34
68.01 21.010572237899392 190 lat: 27
68.213 20.64053325739679 191 lat: 27
68.401 17.35225343238503 192 lat: 27
68.588 16.237234874609577 193 lat: 28
68.772 15.642276209408807 194 lat: 35
68.951 19.226559926540993 196 lat: 26
69.125 20.22236677153284 197 lat: 25
69.295 20.455182629725563 198 lat: 25
69.468 20.456461360210504 199 lat: 24
69.643 20.522128246805337 200 lat: 28
69.815 14.467004231940257 200 lat: 27
69.993 12.02292224343427 201 lat: 25
70.165 10.943462450309742 202 lat: 25
70.334 10.707506158280278 203 lat: 26
70.512 10.480105812491875 204 lat: 31
70.689 12.594118491080918 205 lat: 31
70.893 13.670949817449722 206 lat: 29
71.072 14.176682177298304 207 lat: 27
71.252 14.012719078689647 208 lat: 27
71.438 14.051872518472097 209 lat: 28
71.61 11.884771115694972 209 lat: 27
71.789 10.85714986122253 210 lat: 31
71.967 10.693877846131507 211 lat: 27
72.153 14.137893773566857 213 lat: 39
72.33 12.828246463059427 213 lat: 27
72.505 17.619507230168587 215 lat: 28
72.676 17.101014393162473 215 lat: 26
72.856 19.61931259046545 217 lat: 29
73.024 14.75098641772831 217 lat: 25
73.194 18.90562989173032 219 lat: 26
73.372 14.658510416511698 219 lat: 29
73.548 18.370083568613715 221 lat: 28
73.722 16.8570432076645 222 lat: 28
73.952 18.802047270156223 223 lat: 50
74.162 13.963957694320657 223 lat: 37
74.336 17.506052133877684 225 lat: 28
74.51 13.746479477550402 225 lat: 26
74.689 15.60907491438115 227 lat: 30
74.871 13.91178499981801 227 lat: 25
75.041 18.50075749776196 229 lat: 26
75.919 17.824797097371317 230 lat: 727
76.097 50.79110266379186 236 lat: 26
76.271 63.644228814447274 238 lat: 27
76.444 66.22109631459229 238 lat: 26
76.683 67.53561688212807 240 lat: 51
76.898 67.61098841804956 241 lat: 27
77.091 34.4686236054462 241 lat: 29
77.274 16.596726627752155 241 lat: 29
78.154 30518.89800667014 241 lat: 727
78.325 36240.74625803252 238 lat: 27
78.496 37239.40737854321 238 lat: 27
78.669 37479.324165451 235 lat: 29
78.845 37518.52089370213 235 lat: 26
79.631 7053.006405257166 230 lat: 633
79.81 1341.4470907372042 228 lat: 28
79.982 344.06145536150484 227 lat: 24
80.151 105.40898042459845 226 lat: 24
81.721 67.62549307623507 225 lat: 728
81.915 96.05274653600144 215 lat: 29
82.095 89.23743438770288 215 lat: 32
82.271 91.08569794795116 213 lat: 30
82.458 95.15810994485732 211 lat: 24
82.632 96.20919895694962 210 lat: 25
82.807 27.12653520199724 210 lat: 25
82.979 17.54209588715432 209 lat: 31
83.873 12.944722024210941 207 lat: 45
84.071 20.289536664914067 203 lat: 35
84.255 22.037662106066715 202 lat: 26
84.437 24.239330251447463 201 lat: 27
84.624 25.06299716878466 200 lat: 33
84.814 23.6995459837305 199 lat: 39
84.99 11.046580055522536 198 lat: 28
85.159 7.569176878767783 197 lat: 24
85.339 6.074761259853677 196 lat: 31
85.519 5.517725564476756 195 lat: 24
85.693 7.318687122243949 193 lat: 24
85.869 8.07052764237314 192 lat: 27
86.06 8.282989493458016 191 lat: 36
86.244 7.411155379102545 191 lat: 31
86.45 8.46956856186099 189 lat: 42
86.637 9.092449821210367 187 lat: 40
86.817 9.188037648006947 186 lat: 37
86.997 11.842409591417692 184 lat: 21
87.168 12.244507140016552 184 lat: 25
87.37 11.15592642289465 183 lat: 43
87.549 8.16438103181314 182 lat: 27
87.735 6.190255769525668 182 lat: 28
87.91 4.6019190882439265 180 lat: 27
88.103 5.5519510272742085 179 lat: 34
88.324 4.709844301154826 179 lat: 44
88.51 6.207896893974937 177 lat: 26
88.693 10.359631077411454 175 lat: 25
88.871 8.357989225775578 175 lat: 27
89.042 7.672678115322542 174 lat: 22
89.216 8.34682497985899 173 lat: 26
89.39 9.278840908759303 171 lat: 27
89.579 10.312365218834488 169 lat: 24
89.773 10.447441182933579 169 lat: 36
89.985 10.573074165595317 168 lat: 33
90.223 10.782831662402318 167 lat: 41
90.392 8.538596688746065 166 lat: 24
90.599 4.355633958527386 165 lat: 48
90.804 4.762499407993236 164 lat: 50
90.981 4.994180949640537 163 lat: 27
91.16 7.277781421275055 161 lat: 30
91.344 6.602433585312513 161 lat: 31
91.533 8.794096128442543 159 lat: 29
91.73 9.710641818035601 158 lat: 22
91.917 8.827252674786305 158 lat: 26
92.088 6.147886181608054 157 lat: 28
92.262 5.810538127686404 157 lat: 24
92.442 4.7908470122334865 155 lat: 26
92.616 3.1152317782943726 155 lat: 26
92.801 3.533469510894868 154 lat: 31
92.98 5.906008118993279 152 lat: 31
93.153 6.183998820788246 152 lat: 24
93.327 4.745178342233707 151 lat: 27
93.501 7.6599542347966665 149 lat: 27
93.675 7.3985890550571956 149 lat: 29
93.851 5.139227405956001 148 lat: 25
94.027 4.8677651393805155 148 lat: 29
94.195 6.152087686104803 146 lat: 24
94.366 4.341073651137306 145 lat: 27
94.547 5.21233429441686 144 lat: 29
94.721 7.78299390161628 142 lat: 26
94.897 8.020332613453693 142 lat: 25
95.073 149.87002127665664 127 lat: 31
95.254 171.02150138492334 139 lat: 31
95.424 171.87939492054886 138 lat: 25
95.591 260.88387420325216 125 lat: 23
95.762 284.29862135946917 136 lat: 25
95.932 145.59750335117027 136 lat: 24
96.108 123.28039239474322 135 lat: 27
96.309 122.65949768323334 133 lat: 55
96.484 30.548248995403984 133 lat: 26
96.655 7.416640980491872 132 lat: 26
96.822 3.0700855338822977 131 lat: 22
96.997 3.861754218502837 130 lat: 28
97.169 112.23650240308571 117 lat: 26
97.342 132.39922185459943 128 lat: 22
97.532 133.75049438892697 127 lat: 43
97.703 132.89758198668932 126 lat: 28
97.874 133.889216290412 124 lat: 26
98.047 24.213142264899457 124 lat: 26
98.218 6.260213081280334 122 lat: 28
98.391 5.8016642812321395 121 lat: 32
98.563 7.0900233905696535 120 lat: 27
98.732 6.436584613691783 119 lat: 25
98.904 6.377748515073514 119 lat: 26
99.071 4.701443336695226 118 lat: 23
99.244 4.21061816259053 117 lat: 27
99.415 2.942166762600193 117 lat: 24
99.586 2.1492384366630644 116 lat: 26
99.767 4.698343998339496 114 lat: 26
99.942 5.595108696566679 113 lat: 25
100.111 5.761210011227047 112 lat: 25
100.288 6.866268866174797 111 lat: 28
100.461 7.568432599147064 110 lat: 25
100.664 6.0172264980459484 109 lat: 24
100.831 5.519978058661122 108 lat: 24
101.001 7.944143267212448 106 lat: 25
101.176 7.05595165391664 106 lat: 26
101.343 6.582617750784576 105 lat: 26
101.514 6.348090930010773 104 lat: 28
101.683 6.244480161164822 103 lat: 26
101.854 3.6711977005932237 102 lat: 27
102.033 4.4189297136317744 101 lat: 33
102.206 4.806644659080074 100 lat: 26
102.375 5.142921491895787 99 lat: 26
102.549 5.273851581837643 98 lat: 26
102.728 5.264144568354268 97 lat: 29
102.898 5.266767168133757 96 lat: 25
103.07 5.208998021082264 95 lat: 29
103.242 7.252821824500188 93 lat: 28
103.418 6.372130301283303 93 lat: 24
103.595 6.099001198114163 92 lat: 25
103.786 8.250276076187252 90 lat: 37
103.963 8.867649511453333 89 lat: 27
104.131 6.914985598962587 88 lat: 25
104.296 7.934842199654057 87 lat: 22
104.463 8.073527819374519 86 lat: 26
104.635 5.9064875502336 85 lat: 25
104.802 7.401127290055324 83 lat: 25
104.979 6.3613076553370895 83 lat: 30
105.155 7.413884028582628 81 lat: 31
105.354 10.794819192383704 79 lat: 29
105.526 11.855142403040936 78 lat: 23
105.697 10.18531252689136 77 lat: 30
105.879 10.909367490251817 76 lat: 32
106.049 9.522971939052832 75 lat: 27
106.228 6.322531250984987 74 lat: 26
106.421 5.130572152366503 73 lat: 24
106.592 4.733081096523441 72 lat: 26
106.765 6.924963611053833 70 lat: 29
106.938 6.339399230699857 70 lat: 28
107.114 7.802312459671487 68 lat: 24
107.306 8.47923924523916 67 lat: 26
107.474 8.725584924312283 66 lat: 24
107.647 6.820874006589777 65 lat: 28
107.823 7.504227380128682 64 lat: 27
107.995 5.084678987232532 64 lat: 29
108.171 5.68033720331271 62 lat: 28
108.347 5.943974056568471 61 lat: 27
108.534 6.118933177846154 60 lat: 40
108.725 6.441177806342342 59 lat: 25
108.897 7.593572072312626 58 lat: 27
109.075 5.544686805976959 58 lat: 24
109.249 4.555502192442482 57 lat: 30
109.418 5.866003970153722 55 lat: 24
109.59 4.79543030608906 55 lat: 26
109.761 6.032391800763442 53 lat: 27
109.943 7.769273721537173 52 lat: 27
110.117 8.574489113089925 51 lat: 24
110.289 5.926570708148646 51 lat: 25
110.456 6.239359783279477 50 lat: 26
110.628 4.583100758498787 49 lat: 28
110.804 3.6212960459553907 48 lat: 29
110.989 3.140302258010979 47 lat: 33
111.158 3.95430489349507 46 lat: 25
111.327 6.638027767663749 44 lat: 26
111.498 7.798319648899643 43 lat: 28
111.674 8.06408287765818 42 lat: 30
111.853 7.212015392007206 42 lat: 30
112.026 8.36285490352719 40 lat: 24
112.194 6.503663799617085 39 lat: 28
112.372 5.629233708112441 38 lat: 28
112.558 7.9529237310754795 36 lat: 36
112.731 9.887809191597121 35 lat: 24
112.902 9.342682128873115 34 lat: 25
113.082 9.36854248951726 33 lat: 33
113.261 8.405835272964639 33 lat: 30
113.446 5.477728080448478 32 lat: 25
113.621 3.5129796199459817 32 lat: 27
113.86 6.790307567141248 29 lat: 56
114.044 7.614001368247729 28 lat: 27
114.217 9.15986364318264 27 lat: 27
114.386 10.08632311174613 26 lat: 27
114.563 11.299927739637267 25 lat: 29
114.732 6.562163469187479 25 lat: 26
114.901 6.658734048706679 23 lat: 25
115.071 6.521450189033889 22 lat: 25
115.245 6.44303889750038 21 lat: 29
115.416 6.442200794955746 20 lat: 25
115.589 6.476550262394283 20 lat: 27
115.762 4.636204928380061 19 lat: 28
115.94 3.136215927197541 19 lat: 30
116.122 31307.419813307803 17 lat: 27
116.291 36886.21556541571 17 lat: 25
116.466 37948.40028672837 18 lat: 26
116.645 38142.059907017174 18 lat: 32
116.819 38188.67985261299 19 lat: 25
117.05 6904.682003916222 21 lat: 29
117.22 1345.6020997374756 24 lat: 26
117.394 292.1296048235999 25 lat: 27
117.569 103.03645243005468 26 lat: 26
117.75 60.0942796207419 27 lat: 27
117.926 44.81850011118276 29 lat: 32
118.1 25.594892118996892 29 lat: 27
118.273 17.425228368659333 29 lat: 25
118.442 20.601402280039387 32 lat: 25
118.611 18.82240476721035 32 lat: 24
118.785 14.849865279598706 33 lat: 25
118.956 13.77859589380293 33 lat: 28
119.131 14.870649618090972 34 lat: 29
119.304 8.894348491908872 35 lat: 28
119.472 9.701201510332105 36 lat: 25
119.668 10.250473666434242 37 lat: 41
119.86 12.855534000302722 38 lat: 32
120.035 14.185577126856854 39 lat: 29
120.2 18.262813768581278 41 lat: 23
120.376 19.899508547726395 42 lat: 30
120.56 18.255540215812083 42 lat: 32
120.732 20.450007907211567 44 lat: 28
120.908 21.6031507632185 45 lat: 28
121.077 18.93509381456901 46 lat: 23
121.399 21.142989997878704 48 lat: 93
121.587 28.08012101144365 50 lat: 38
122.008 27.877408358138542 51 lat: 233
122.536 42.09035092764236 55 lat: 150
122.844 57.77438952102375 58 lat: 65
123.169 59.91322640327991 59 lat: 174
123.49 61.086423727391605 61 lat: 166
123.806 70.93250180767325 64 lat: 65
124.248 64.25505816486661 66 lat: 47
124.715 67.93885729294973 70 lat: 65
124.885 68.52124317689788 71 lat: 26
125.054 61.31397134813274 71 lat: 28
125.226 52.26064911753222 73 lat: 24
125.394 42.20149469874046 73 lat: 26
125.582 21.753198053120656 74 lat: 28
125.758 18.94529872997535 76 lat: 27
125.929 21.274745072364265 77 lat: 25
126.097 16.475418425742376 77 lat: 24
126.265 19.855033077776607 79 lat: 25
126.461 20.96273287568509 80 lat: 45
126.63 17.63589480744536 81 lat: 25
126.801 16.11873008809576 82 lat: 24
126.973 17.542731710897762 83 lat: 28
127.145 15.584452596689587 84 lat: 25
127.319 14.739291356902921 85 lat: 29
127.495 14.566478531253487 86 lat: 28
127.665 12.458701580235143 86 lat: 24
127.837 11.950851648812613 87 lat: 26
128.012 14.646230885698523 89 lat: 27
128.188 15.805942726634381 90 lat: 26
128.362 16.30646331354231 91 lat: 27
128.549 18.63257700905067 92 lat: 34
128.749 19.445057772322624 93 lat: 43
128.92 19.685280013559165 95 lat: 27
129.109 20.056118409915506 96 lat: 32
129.292 17.71497631948091 96 lat: 35
129.465 19.427670624857136 98 lat: 27
129.638 17.90198622365927 98 lat: 27
129.815 14.041279187035235 99 lat: 27
129.982 12.343284130083767 100 lat: 20
130.149 14.122638990569989 101 lat: 28
130.324 12.361814554736567 102 lat: 27
130.493 13.968368338502462 103 lat: 26
130.664 17.41531391232407 105 lat: 27
130.839 16.067613082896074 105 lat: 26
131.021 13.632883487653004 105 lat: 38
131.226 14.481576389277627 107 lat: 35
131.424 14.984923255418312 108 lat: 37
131.61 10.252801603952998 108 lat: 33
131.79 10.934210231919733 109 lat: 29
131.962 12.89525382031335 110 lat: 27
132.129 11.774035134638902 111 lat: 23
132.301 10.911112987602511 112 lat: 30
132.48 12.54407688962354 113 lat: 33
132.647 13.409070333091076 114 lat: 20
132.857 13.92809657901636 115 lat: 63
133.04 13.940289907227847 116 lat: 29
133.217 14.509151793509776 117 lat: 27
133.385 12.922827359231063 117 lat: 24
133.557 19.11240686527583 120 lat: 24
133.735 18.37714976312156 120 lat: 32
133.958 18.13978802465449 121 lat: 37
134.135 21.024723213300426 123 lat: 25
134.303 24.26730627861625 124 lat: 26
134.488 16.56399159124519 124 lat: 35
134.656 19.354831513839834 126 lat: 25
134.82 75.09074772063566 115 lat: 23
135.004 122.22420497654099 128 lat: 40
135.173 134.4203644660094 129 lat: 27
135.34 140.400340610726 130 lat: 26
135.508 190.69642755351222 119 lat: 25
135.676 188.09622439032734 132 lat: 26
135.851 146.29288605840978 132 lat: 23
136.018 135.8590613437636 133 lat: 23
136.185 136.20614678587785 135 lat: 27
136.356 85.32386471295989 136 lat: 25
136.521 30.597425300011004 136 lat: 25
136.721 21.41961177543525 137 lat: 42
136.921 18.348991993874968 138 lat: 41
137.086 13.467825136082293 139 lat: 25
137.268 15.070991211293475 141 lat: 28
137.444 18.334673231391484 142 lat: 27
137.622 17.189108341491377 142 lat: 33
137.788 19.299222524056137 144 lat: 24
137.979 20.10759448867286 145 lat: 41
138.164 17.32283249219275 146 lat: 31
138.353 14.024689240171769 146 lat: 34
138.523 17.893686818227742 148 lat: 23
138.775 16.778030431727093 149 lat: 66
139.013 16.341139414779263 150 lat: 93
139.185 19.51371920543491 152 lat: 30
139.38 20.165548492284245 152 lat: 33
139.562 20.555022459618357 154 lat: 28
139.757 20.369988197497054 155 lat: 37
139.94 20.47549669860411 156 lat: 28
140.112 14.906207362032186 156 lat: 24
140.284 17.969547201926712 158 lat: 27
140.466 13.763209620549743 158 lat: 28
140.632 12.10535548263503 159 lat: 24
140.817 11.564670602213836 160 lat: 27
141.004 13.467898858680794 161 lat: 37
141.177 11.465506311350296 162 lat: 28
141.349 13.381860386391278 163 lat: 23
141.521 14.46623583235458 164 lat: 26
141.721 14.621103529266804 165 lat: 29
141.928 17.46912044631975 167 lat: 47
142.154 18.68516118379602 168 lat: 60
142.335 16.503678559434185 168 lat: 29
142.514 15.410590064656562 169 lat: 26
142.709 13.066113665611997 169 lat: 29
142.891 11.836488221025647 171 lat: 28
143.08 8.826728046169192 171 lat: 43
143.264 13.094259744041644 173 lat: 29
143.44 12.470185454941639 173 lat: 24
143.614 14.379367366612497 174 lat: 24
143.791 12.70739422578367 175 lat: 24
143.983 17.950852417698766 177 lat: 42
144.155 14.263302174474783 177 lat: 25
144.357 17.7819282509776 179 lat: 51
144.526 16.753541881834753 179 lat: 27
144.703 16.58771330569449 180 lat: 31
144.873 16.505698417626043 182 lat: 24
145.043 19.305697008269703 183 lat: 25
145.214 15.472122811196328 183 lat: 23
145.388 19.183176508343053 185 lat: 29
145.557 20.364959664927774 186 lat: 27
145.755 17.42283573686632 187 lat: 38
145.948 16.293771728934622 188 lat: 32
146.128 18.193996175728532 189 lat: 30
146.298 15.921524714411389 190 lat: 26
146.464 14.883798465398273 191 lat: 24
146.636 14.381270950876308 192 lat: 29
146.808 12.003765217928654 192 lat: 28
146.996 10.767974319508516 193 lat: 25
147.168 10.479729807153186 194 lat: 25
147.363 10.600410970196718 195 lat: 51
147.534 11.232483080883046 196 lat: 24
147.703 17.055630285172725 198 lat: 24
147.875 19.56547561263053 199 lat: 25
148.049 20.61476332815716 200 lat: 25
148.213 21.107403934691426 201 lat: 23
148.391 21.150591310430965 202 lat: 33
148.569 17.55925218561505 203 lat: 28
148.733 16.07027975153223 204 lat: 24
148.907 15.174239577892905 205 lat: 27
149.103 15.074431744522299 206 lat: 54
149.272 12.59291129931656 206 lat: 25
149.442 18.51635741971795 209 lat: 28
149.628 18.204532569917806 209 lat: 37
149.866 18.803983594811584 210 lat: 90
150.046 27.528204179388997 213 lat: 30
150.22 37.45645623444219 215 lat: 28
150.392 33.77318152982354 216 lat: 23
150.56 32.80538869725519 216 lat: 24
150.731 32.12321479945257 217 lat: 27
150.902 27.0310491095254 219 lat: 25
151.067 20.60423092276561 220 lat: 21
151.239 22.502434095588903 222 lat: 26
151.416 25.775508728602926 223 lat: 30
151.584 26.808851594216403 224 lat: 26
151.756 23.5000018554545 225 lat: 23
151.947 26.041974817017596 227 lat: 39
152.127 20.48175436369453 227 lat: 37
152.309 21.513213878319288 229 lat: 34
152.546 19.19009840612342 229 lat: 42
152.715 25.673107951642343 232 lat: 24
152.884 21.165617360098242 232 lat: 29
153.06 25.29688766325192 234 lat: 29
153.229 23.78340150737359 235 lat: 23
153.408 23.427142056961344 235 lat: 35
153.586 18.290848020147955 237 lat: 33
153.765 17.08352733976568 237 lat: 29
153.941 16.445798926681185 239 lat: 28
154.117 13.500671306272181 239 lat: 30
154.29 15.074726082844098 240 lat: 26
154.472 13.080171156276739 241 lat: 24
154.673 14.631199785295204 242 lat: 24
154.839 10.49640228127911 242 lat: 24
155.015 9.662915924437167 242 lat: 25
155.177 7.340274294255062 242 lat: 21
155.364 31937.410839429405 242 lat: 37
155.547 37567.970134733354 242 lat: 35
155.721 38662.149603781705 240 lat: 27
155.894 38848.84842384954 240 lat: 28
156.064 38888.45314571558 239 lat: 28
156.248 6965.847347528737 238 lat: 27
156.415 1336.2756258040165 237 lat: 25
156.588 246.08876456771512 235 lat: 24
156.763 61.3917412561011 234 lat: 29
156.934 21.778008319634672 234 lat: 26
157.103 12.118160996757535 233 lat: 25
157.274 9.236021963071376 232 lat: 29
157.446 5.305511762677506 231 lat: 25
157.615 3.89656529146811 230 lat: 20
157.811 4.546438179357449 229 lat: 35
157.993 3.933079024651438 229 lat: 27
158.166 8.26328688178344 226 lat: 28
158.332 7.830014688755557 226 lat: 23
158.502 9.920811548957968 224 lat: 26
158.667 9.312885634356128 224 lat: 22
158.849 9.260699199338806 224 lat: 30
159.025 5.84654105067001 222 lat: 30
159.21 6.532437108335108 221 lat: 26
159.38 4.477414081216706 220 lat: 32
159.549 5.289641677292737 219 lat: 25
159.723 6.3890881864481655 218 lat: 24
159.898 8.230462050008658 216 lat: 28
160.104 7.272843034446359 216 lat: 26
160.3 6.936715693851588 215 lat: 25
160.486 8.960255333852444 213 lat: 33
160.664 8.198541249478161 213 lat: 27
160.84 5.247055024694066 212 lat: 27
161.034 5.806990294631976 211 lat: 39
161.221 6.050287082844342 210 lat: 37
161.399 3.8100926159181565 209 lat: 24
161.565 4.413381506130047 208 lat: 25
161.732 4.862500173815616 207 lat: 25
161.906 5.062554968780499 206 lat: 25
162.084 5.096924904755111 205 lat: 25
162.256 5.296138876616586 204 lat: 31
162.475 5.4579042500587045 203 lat: 69
162.689 5.421215756936346 202 lat: 53
162.855 5.2624227854295516 201 lat: 25
163.041 7.33780885560463 199 lat: 26
163.217 7.894261057948431 198 lat: 27
163.39 8.241854970641377 197 lat: 25
163.566 8.43490413587724 196 lat: 24
163.741 8.539599262692118 195 lat: 33
163.92 6.5015589816035355 194 lat: 23
164.089 8.06607399894719 192 lat: 25
164.288 6.9525505405533545 192 lat: 36
164.48 6.454131066776183 191 lat: 46
164.683 6.265262582536907 190 lat: 54
164.861 6.191182960426985 189 lat: 30
165.083 6.409091872423464 187 lat: 59
165.29 6.3429111621726655 187 lat: 43
165.472 8.187069621944532 185 lat: 31
165.64 8.96167368288121 184 lat: 24
165.811 9.108933454424227 183 lat: 29
165.987 6.809019402849158 182 lat: 25
166.177 10.077763637450277 180 lat: 36
166.346 7.802341697729163 180 lat: 27
166.519 6.9178098817471625 179 lat: 25
166.702 6.511849626335335 178 lat: 37
166.888 6.318657956603132 177 lat: 26
167.057 3.82170921243673 176 lat: 25
167.23 6.874874685605671 174 lat: 30
167.412 6.517279309485949 174 lat: 28
167.594 6.314932115174905 173 lat: 30
167.79 6.399738349729901 172 lat: 42
167.96 8.954724496119567 170 lat: 25
168.129 5.871547521675652 170 lat: 29
168.317 6.272537885847478 169 lat: 26
168.481 6.577197812215163 168 lat: 24
168.65 6.579438027888433 167 lat: 27
168.821 4.003440876835267 166 lat: 25
168.985 4.728728025261456 165 lat: 24
169.158 5.0231054572060065 164 lat: 31
169.355 5.325159132261661 163 lat: 26
169.553 5.629757841236895 162 lat: 46
169.718 5.843312914265531 161 lat: 23
169.888 4.834451211705462 161 lat: 26
170.06 4.207011259590323 160 lat: 23
170.233 5.669226899769743 158 lat: 28
170.422 4.62567231117347 158 lat: 24
170.623 6.0414585628819655 156 lat: 47
170.825 7.559126081082448 155 lat: 44
171.043 8.497875642502086 154 lat: 51
171.242 6.836938876196788 153 lat: 34
171.493 7.536168054606205 152 lat: 46
171.67 8.113223050633746 150 lat: 28
171.86 8.404781611502077 149 lat: 49
172.037 8.367435179015953 148 lat: 24
172.211 8.54325121682036 147 lat: 32
172.382 8.487271047841086 146 lat: 27
172.578 150.77543920604342 131 lat: 33
172.792 170.33835386582317 143 lat: 60
172.997 169.37121241024275 141 lat: 27
173.186 168.3876211723933 141 lat: 34
173.384 169.03954518611755 139 lat: 37
173.557 24.938836386789593 138 lat: 29
173.728 3.6195055009032746 138 lat: 26
173.893 125.63714675851134 124 lat: 22
174.065 152.17077877853893 123 lat: 24
174.237 206.67435149207648 135 lat: 29
174.404 208.23419298172797 133 lat: 23
174.571 209.13109191664216 133 lat: 22
174.74 86.74554104454575 132 lat: 25
174.926 60.52471950409059 131 lat: 34
175.126 7.353882994703632 129 lat: 39
175.303 121.22714539506458 116 lat: 31
175.476 154.83578819287715 114 lat: 33
175.649 208.40255534602227 126 lat: 31
175.822 214.3008130116886 125 lat: 25
176.007 211.66804312142358 124 lat: 25
176.203 94.9320268767792 123 lat: 27
176.368 62.7272870366745 121 lat: 24
176.537 9.264236975030093 121 lat: 27
176.713 5.245095204784063 119 lat: 31
176.885 9.1654296074581 117 lat: 29
177.057 9.581081587099725 117 lat: 25
177.225 7.834547220303617 116 lat: 27
177.397 7.750662116505363 116 lat: 24
177.617 7.703417514312568 114 lat: 49
177.821 5.233776021409276 113 lat: 29
177.998 6.0077952912584465 112 lat: 24
178.195 5.485501784767948 112 lat: 37
178.379 7.882043057646448 110 lat: 34
178.551 5.749107817764013 110 lat: 26
178.725 4.710700651486987 109 lat: 32
178.899 4.249816576720804 108 lat: 32
179.072 4.157699623829025 108 lat: 32
179.237 3.7413603283294012 106 lat: 26
179.416 4.874419301169707 105 lat: 31
179.59 5.473018537379955 104 lat: 26
179.753 5.799248792797483 103 lat: 23
179.989 6.956758900692283 102 lat: 25
180.154 6.169798500677986 101 lat: 24
180.321 5.845554700107163 100 lat: 25
180.495 4.615445418859605 100 lat: 24
180.66 5.64640400388889 98 lat: 26
180.84 5.840751134884619 97 lat: 25
181.011 5.752418583529803 96 lat: 23
181.176 6.0113803155365355 95 lat: 27
181.355 7.044896507285407 94 lat: 31
181.539 5.855994283364869 93 lat: 25
181.721 5.659045380150615 92 lat: 25
181.902 5.589153120480624 91 lat: 30
182.071 5.430051662476638 90 lat: 27
182.248 5.613809382619599 89 lat: 28
182.432 6.071272810638536 88 lat: 25
182.639 4.967880023201895 88 lat: 25
182.813 3.905788878453279 88 lat: 26
183.005 4.7648895159105455 86 lat: 39
183.201 4.931367185229998 85 lat: 39
183.418 4.556817788836882 84 lat: 43
183.624 5.398127760186219 83 lat: 36
183.797 8.331118318913466 81 lat: 32
183.986 7.958080625303104 80 lat: 23
184.154 10.13158290892822 78 lat: 25
184.327 11.05474319870221 77 lat: 25
184.502 11.59283071825448 76 lat: 26
184.665 9.734979884017807 75 lat: 24
184.859 8.225436215067809 75 lat: 38
185.053 6.554879557068274 73 lat: 38
185.245 4.706668745884953 73 lat: 32
185.421 5.8367877653140585 71 lat: 30
185.583 6.258585080140888 70 lat: 24
185.75 7.55917188769987 69 lat: 25
185.915 6.8629263350988 68 lat: 23
186.085 6.7717699207588335 68 lat: 28
186.26 4.753191717825757 67 lat: 27
186.438 4.113818075837699 66 lat: 25
186.603 3.760863206476029 65 lat: 23
186.779 3.7153093691673016 64 lat: 26
186.954 4.651728798397963 63 lat: 32
187.121 4.132355205996212 63 lat: 25
187.293 5.689843959791901 61 lat: 28
187.473 6.242765495949813 60 lat: 30
187.641 5.098984718372883 60 lat: 24
187.812 4.4387977175839834 59 lat: 30
187.987 6.876216121896981 57 lat: 33
188.163 5.913282822831356 56 lat: 24
188.333 5.490052556082352 55 lat: 26
188.503 8.723582931766764 53 lat: 25
188.673 10.104364306540889 52 lat: 29
188.85 8.69350179673889 51 lat: 24
189.024 10.739666466139422 49 lat: 29
189.196 11.504037848588439 48 lat: 23
189.368 9.530862112889803 47 lat: 26
189.54 8.904697731802951 46 lat: 30
189.723 8.910833098148217 45 lat: 24
189.894 6.451834822304699 44 lat: 26
190.057 5.684929726701409 43 lat: 20
190.225 5.6292865211222844 42 lat: 23
190.395 4.570136847151168 42 lat: 25
190.559 4.195825885226203 41 lat: 23
190.731 5.894230054260728 39 lat: 25
190.9 5.042056156540593 39 lat: 25
191.095 4.420437281208413 38 lat: 49
191.26 4.391354949021499 38 lat: 23
191.428 6.073452741299059 36 lat: 24
191.594 4.822450528833591 35 lat: 22
191.766 4.659144636677986 35 lat: 29
191.988 4.576350538550765 34 lat: 42
192.155 7.39112048432982 32 lat: 24
192.327 5.258503646184726 32 lat: 25
192.499 6.4072190676761815 30 lat: 27
192.673 7.9135520635882655 29 lat: 23
192.858 8.412407622710282 28 lat: 26
193.052 6.468689578945259 27 lat: 30
193.234 9.492184730370997 25 lat: 29
193.429 8.638282032029116 24 lat: 35
193.6 10.921890286266517 22 lat: 25
193.768 12.09841934565262 21 lat: 26
193.931 11.437942885836488 21 lat: 22
194.1 8.728440223768537 20 lat: 24
194.268 6.942194116625749 20 lat: 23
194.432 3.387884268945122 19 lat: 26
194.606 2.026776582964133 18 lat: 28
194.767 31728.59328197693 16 lat: 21
194.941 37376.54115030471 16 lat: 24
195.108 38388.0934399539 16 lat: 23
195.278 38595.066359828066 17 lat: 20
195.451 38633.25577902514 17 lat: 28
195.619 6919.586984459908 18 lat: 25
195.808 1277.2295530847111 19 lat: 32
196.022 267.21334717215314 19 lat: 64
196.205 62.28152226204243 20 lat: 29
196.385 25.85679393592878 21 lat: 34
196.581 15.91187347706491 22 lat: 33
196.778 16.22337083530676 24 lat: 51
196.961 19.43784533759797 25 lat: 40
197.124 24.766680925025316 27 lat: 21
197.361 31.150830932252994 29 lat: 56
197.547 33.08409795355377 30 lat: 24
197.719 34.03721497284541 32 lat: 24
197.974 33.88716204884863 33 lat: 88
198.225 27.388551210310908 33 lat: 56
198.425 23.340531450229765 35 lat: 34
198.596 22.26777226322693 36 lat: 26
198.759 18.451520392370423 37 lat: 21
198.93 16.983545667758875 38 lat: 28
199.108 22.23614989582356 40 lat: 31
199.271 18.98424024932068 40 lat: 23
199.443 17.520929269916387 41 lat: 32
199.615 16.744790936930016 42 lat: 25
199.782 19.67789317649568 44 lat: 23
199.948 17.132006307615523 45 lat: 25
200.118 18.831236245999857 46 lat: 22
200.283 17.04731771567348 46 lat: 25
200.458 16.19122669087628 47 lat: 25
200.652 12.906886834072576 48 lat: 27
200.823 11.639863630004125 49 lat: 29
200.998 11.151513395513277 50 lat: 29
201.168 13.586420595329546 51 lat: 23
201.335 14.660502638031375 52 lat: 24
201.507 14.805123259087424 53 lat: 27
201.68 18.586321342845643 55 lat: 24
201.866 19.818706673910174 56 lat: 42
202.052 20.050999563553972 57 lat: 24
202.221 20.45519563375006 58 lat: 26
202.388 20.79543978384621 59 lat: 25
202.556 17.385523069528727 60 lat: 23
202.733 16.319625517910442 61 lat: 34
202.903 16.15428498489879 62 lat: 28
203.074 15.837620283537913 63 lat: 28
203.245 19.31770668557623 65 lat: 26
203.424 20.61022073566345 66 lat: 31
203.595 20.84509892338908 67 lat: 29
203.767 20.573372355315755 68 lat: 27
203.936 18.297822883381286 68 lat: 25
204.103 13.455471507019743 69 lat: 24
204.287 11.58373856892368 70 lat: 32
204.455 11.311862368906436 71 lat: 25
204.629 11.499814442079042 72 lat: 26
204.799 16.734132532571277 74 lat: 25
204.975 16.44272976341218 74 lat: 28
205.145 16.116395733901925 75 lat: 25
205.315 15.638485362076702 76 lat: 20
205.487 15.194823643340523 77 lat: 27
205.664 12.275934962754228 78 lat: 27
205.833 11.672107827311434 78 lat: 27
206.0 14.175920589378629 80 lat: 24
206.169 15.145865984382958 81 lat: 23
206.338 15.555880319176591 82 lat: 24
206.515 15.146229464244911 83 lat: 35
206.701 17.137356271446084 84 lat: 26
206.868 13.344314834896393 84 lat: 25
207.041 11.832916753979477 85 lat: 27
207.235 11.388147154587061 86 lat: 27
207.398 11.422586164322215 87 lat: 24
207.576 14.42813799300398 89 lat: 28
207.745 17.73107594238157 90 lat: 27
207.916 16.771358638709046 90 lat: 29
208.088 16.070745606320493 91 lat: 24
208.26 16.109929985735533 92 lat: 25
208.427 13.030494770796 93 lat: 25
208.601 15.314932585941538 95 lat: 26
208.8 18.273757927529555 96 lat: 50
208.986 19.66695815888703 97 lat: 34
209.157 17.94809530816956 97 lat: 27
209.327 20.084502321314794 99 lat: 27
209.493 17.291773839138187 100 lat: 26
209.666 16.245430524097944 101 lat: 25
209.836 15.636019607172624 102 lat: 26
210.018 15.340975155429073 102 lat: 33
210.202 12.270106958438008 103 lat: 38
210.374 11.387060480520976 104 lat: 26
210.543 11.327701958075888 105 lat: 24
210.709 15.095916698152589 107 lat: 25
210.879 15.953203379431503 107 lat: 26
211.062 19.72073700460949 109 lat: 31
211.232 21.26959972910751 110 lat: 25
211.407 21.776570205096338 111 lat: 24
211.577 21.509129283268408 113 lat: 28
211.744 21.400085651379754 113 lat: 24
211.91 17.953836925534244 114 lat: 23
212.081 16.537076639921384 115 lat: 23
212.274 15.833430641246894 116 lat: 36
212.449 16.193602847420273 118 lat: 27
212.618 16.048888720252656 118 lat: 26
212.78 19.052799910642257 120 lat: 20
212.985 17.654096139396948 120 lat: 26
213.181 17.057957338381527 121 lat: 37
213.353 16.528280170614114 123 lat: 27
213.52 16.911310860359357 123 lat: 23
213.698 17.119052700737065 125 lat: 30
213.886 71.59542449263476 114 lat: 31
214.079 77.68281885821168 114 lat: 26
214.248 71.57061728718821 115 lat: 27
214.443 213.20388979340174 130 lat: 50
214.614 244.2406540372271 131 lat: 28
214.787 200.74322951401024 132 lat: 28
214.954 198.43814414739174 133 lat: 27
215.126 202.6270153299515 134 lat: 26
215.299 60.53985029571434 134 lat: 25
215.462 28.75582722056857 136 lat: 23
215.642 20.59326071589063 137 lat: 33
215.833 15.777363043398175 137 lat: 43
215.999 90.47242922080243 125 lat: 23
216.17 159.21202287003516 140 lat: 25
216.339 182.8511797722004 142 lat: 28
216.508 184.81263946567606 142 lat: 24
216.685 187.83384938623777 143 lat: 23
216.858 115.80818642324645 145 lat: 29
217.025 47.31305296446402 145 lat: 23
217.192 20.893132558310125 146 lat: 24
217.361 16.85177748067475 147 lat: 28
217.53 13.44041085329978 147 lat: 25
217.706 8.307622156995611 148 lat: 27
217.879 9.207619802271 149 lat: 32
218.048 9.78399933423367 150 lat: 26
218.218 10.542926895009316 151 lat: 25
218.399 12.596552218707243 152 lat: 34
218.567 13.754906844534858 153 lat: 23
218.731 14.337549906056271 154 lat: 28
218.898 14.878275269385103 155 lat: 31
219.069 14.560759106783706 156 lat: 25
219.248 14.685009142989717 157 lat: 33
219.421 12.727229045048377 157 lat: 26
219.593 11.838530189743526 158 lat: 26
219.759 14.521617600209034 160 lat: 26
219.922 15.630849437441752 161 lat: 26
220.103 13.683020268651667 161 lat: 26
220.275 12.999006089367953 161 lat: 27
220.443 15.190397245867953 163 lat: 24
220.657 13.030299699380084 164 lat: 69
220.831 12.570349363001526 165 lat: 29
221.001 18.381015731529658 167 lat: 25
221.172 22.53358440606683 168 lat: 22
221.439 21.918107254093016 169 lat: 94
221.724 21.7851093780051 170 lat: 45
221.948 30.226090964639997 173 lat: 28
222.156 33.751080290695064 175 lat: 44
222.326 34.966913292154686 176 lat: 27
222.491 35.13451993397324 177 lat: 26
222.66 32.77829835185322 177 lat: 24
222.829 26.18267412599091 179 lat: 27
222.992 19.8899014562872 180 lat: 27
223.157 17.55675777972518 181 lat: 23
223.323 16.924946135884163 182 lat: 19
223.496 19.05832103798408 183 lat: 23
223.661 16.736595241586073 184 lat: 23
223.831 15.314394588282552 185 lat: 24
224.005 14.497941455146067 186 lat: 28
224.17 11.886014153092628 186 lat: 25
224.345 10.246513460692315 187 lat: 27
224.515 9.67544968910961 188 lat: 29
224.685 9.668997549229001 189 lat: 25
224.855 9.742348219633389 190 lat: 25
225.028 9.901125767479183 190 lat: 28
225.194 9.954921226893893 191 lat: 24
225.367 9.87917521370274 192 lat: 28
225.541 8.082499654582291 192 lat: 34
225.708 7.5069702210212945 193 lat: 26
225.878 8.963740167856514 194 lat: 19
226.046 13.453501985728645 196 lat: 25
226.211 12.999608135257317 196 lat: 22
226.384 17.930049335736854 198 lat: 30
226.558 19.606643465069197 199 lat: 29
226.724 20.619535837734976 200 lat: 23
226.894 15.549886715099447 200 lat: 24
227.064 15.980187283241957 201 lat: 26
227.227 12.807142177607057 202 lat: 24
227.399 15.274897740299467 204 lat: 28
227.563 15.877051567917398 205 lat: 24
227.734 18.13082315980343 206 lat: 25
227.901 16.822870266064772 206 lat: 25
228.078 19.095609771040245 208 lat: 25
228.244 14.06349039307503 208 lat: 24
228.416 12.423029138592291 209 lat: 23
228.591 11.68075118876487 210 lat: 26
228.76 13.75156788962741 211 lat: 25
228.936 11.689352695541718 212 lat: 35
229.111 13.285767815508045 213 lat: 31
229.275 11.712347310150529 213 lat: 26
229.448 13.89272161790804 215 lat: 30
229.615 12.516917826950044 215 lat: 26
229.781 14.92749416147093 217 lat: 24
229.946 16.025316694261296 218 lat: 23
230.141 16.310786350936972 218 lat: 21
230.306 16.630921164456247 220 lat: 24
230.47 18.65178099863305 221 lat: 24
230.646 16.884583208671984 222 lat: 25
230.809 16.393081897175392 223 lat: 23
230.974 18.469500258661647 224 lat: 27
231.142 16.512055027483456 225 lat: 25
231.307 15.99946560458654 226 lat: 22
231.477 15.731088652990586 227 lat: 27
231.64 15.703612807481125 228 lat: 23
231.817 15.764589761802299 229 lat: 31
231.986 15.59831133773893 230 lat: 24
232.153 15.291652658915751 231 lat: 23
232.327 14.986063984436477 232 lat: 27
232.495 12.417115220054004 232 lat: 26
232.662 13.902135305388668 234 lat: 27
232.832 12.160912879132493 234 lat: 24
233.004 11.38372750045608 235 lat: 23
233.174 14.098424902186235 237 lat: 27
233.352 15.001073005290506 237 lat: 35
233.524 12.564763201561954 238 lat: 27
233.7 17.08286954756479 240 lat: 26
233.906 16.550853050662212 240 lat: 36
234.072 16.40527042971475 242 lat: 23
234.241 16.152518974854438 242 lat: 26
234.407 14.43542489878911 242 lat: 26
234.597 8.905744219726301 242 lat: 32
234.779 32249.306746616767 242 lat: 31
234.96 37929.61704707011 242 lat: 33
235.13 39028.59769834289 240 lat: 25
235.305 39217.53281233046 240 lat: 25
235.482 39269.23075993079 238 lat: 26
235.649 7040.591123843509 237 lat: 23
235.831 1359.9291782749794 236 lat: 19
236.007 264.63067269883453 234 lat: 25
236.192 75.71045740455241 234 lat: 26
236.362 24.65636052485258 233 lat: 26
236.542 12.358985973620243 232 lat: 22
236.724 7.396236487303349 232 lat: 29
236.918 4.448946589736934 230 lat: 52
237.087 5.4166046269150385 229 lat: 24
237.257 5.820427094040892 228 lat: 28
237.445 5.979366068782223 227 lat: 34
237.631 7.0080156095708315 226 lat: 32
237.818 5.8430512978996125 225 lat: 40
237.988 5.26806716920595 224 lat: 27
238.157 6.825016107581636 222 lat: 23
238.334 7.610061392476659 221 lat: 26
238.51 7.88334455903994 220 lat: 28
238.686 7.010199510598596 220 lat: 25
238.859 8.23921663748862 218 lat: 30
239.03 6.9463768432363775 217 lat: 24
239.199 6.263587824386486 216 lat: 26
239.372 6.087708997621949 215 lat: 26
239.539 9.318787250176117 213 lat: 23
239.714 7.678935045574318 213 lat: 26
239.886 6.885683257383998 212 lat: 27
240.061 5.737100379474508 212 lat: 25
240.239 6.834274519838644 210 lat: 37
240.411 3.7729958365124423 210 lat: 24
240.585 3.990955973385887 209 lat: 25
240.765 4.244217670505048 208 lat: 24
240.926 5.26368923888649 207 lat: 20
241.206 3.0736976063808465 207 lat: 28
241.481 8.171319678924622 204 lat: 51
241.936 12.780547196908145 202 lat: 180
242.218 17.23000796966445 200 lat: 120
242.592 18.569425410271386 199 lat: 124
242.897 26.5951784337 196 lat: 62
243.204 28.314563804850316 194 lat: 60
243.514 25.773265093501227 193 lat: 60
243.824 24.796128777695916 191 lat: 59
244.126 27.847499366843238 189 lat: 58
244.448 21.929714249815163 188 lat: 61
244.638 19.266218301072584 186 lat: 48
244.813 21.559489807527328 184 lat: 26
244.995 17.062517031711444 185 lat: 25
245.164 13.47777521422771 183 lat: 21
245.34 12.467718886557783 182 lat: 27
245.508 9.200298898138033 181 lat: 25
245.676 5.286032451170572 180 lat: 25
245.844 6.4177788703439 179 lat: 23
246.026 5.803873121844165 178 lat: 29
246.193 5.893367116168664 177 lat: 24
246.363 4.907759613748401 177 lat: 24
246.531 4.306203750890603 176 lat: 28
246.705 3.182961513710191 176 lat: 26
246.875 4.014975106407073 174 lat: 25
247.047 4.347688436103704 173 lat: 28
247.212 5.47204967854399 172 lat: 25
247.374 5.000752560944932 172 lat: 23
247.551 7.035310281593224 170 lat: 28
247.72 5.152712931234044 170 lat: 23
247.893 5.935029714810357 168 lat: 27
248.063 6.327994199037527 167 lat: 24
248.242 7.475028988392423 166 lat: 32
248.415 5.476730340989818 166 lat: 27
248.591 7.479531993291005 164 lat: 31
248.763 6.629591778562404 163 lat: 25
248.961 6.181148913209132 162 lat: 57
249.145 5.90111073175964 161 lat: 26
249.313 6.941225323407967 160 lat: 23
249.483 8.16005497300925 158 lat: 26
249.65 7.032927657623411 158 lat: 27
249.822 6.494249246168139 157 lat: 28
249.991 6.39612680592984 156 lat: 24
250.157 6.396422457427188 155 lat: 24
250.321 4.065857614000079 154 lat: 25
250.491 3.712968613805629 154 lat: 25
250.66 3.4277527100377436 153 lat: 27
250.831 5.3331614896146196 151 lat: 27
250.999 5.820303557732571 150 lat: 24
251.165 5.945658575445013 149 lat: 24
251.329 6.902984190682083 148 lat: 24
251.493 9.646101132680847 146 lat: 23
251.659 7.211306112585723 146 lat: 26
251.841 6.218274936805393 145 lat: 34
252.018 170.53987876591714 129 lat: 29
252.191 196.69924145406864 142 lat: 26
252.363 199.08385965882152 142 lat: 33
252.547 332.4096781128307 126 lat: 27
252.711 361.8264502347003 125 lat: 22
252.889 265.53138728854424 138 lat: 29
253.066 246.48063917962642 137 lat: 31
253.235 241.41196146129914 136 lat: 29
253.411 107.90665876749868 135 lat: 28
253.583 78.46357803538862 134 lat: 27
253.752 154.9408882339351 119 lat: 24
253.931 175.58433345152378 132 lat: 31
254.11 177.8581209797642 131 lat: 36
254.276 282.8878199694817 117 lat: 23
254.444 299.4986481276203 117 lat: 25
254.614 159.13969892514766 116 lat: 28
254.788 208.0813761893597 128 lat: 27
254.97 256.79305992925384 114 lat: 37
255.266 196.62229261686403 126 lat: 73
255.445 245.4013993535218 112 lat: 31
255.612 269.9720652062504 123 lat: 24
255.78 195.19080907614483 122 lat: 26
255.946 143.78611841646716 121 lat: 25
256.118 99.11217602920176 120 lat: 26
256.285 34.006638564662886 119 lat: 20
256.454 5.258827463700771 118 lat: 28
256.659 3.4138240168625864 117 lat: 28
256.827 3.5068229398953825 117 lat: 26
257.014 3.6451483894140555 116 lat: 28
257.225 3.6325238514609484 115 lat: 67
257.416 3.4595161252470947 114 lat: 27
257.62 3.489770276372334 113 lat: 38
257.828 4.36087141688931 112 lat: 56
258.028 5.164064939916361 111 lat: 33
258.201 5.364279224112272 110 lat: 24
258.377 4.424861547809155 110 lat: 35
258.548 5.5405135434729855 108 lat: 24
258.72 5.944571256968957 107 lat: 32
258.884 5.840223853869454 106 lat: 24
259.051 5.813520597001077 105 lat: 21
259.223 6.788936167969602 104 lat: 29
259.39 5.50223831055263 103 lat: 25
259.562 5.23119014114079 102 lat: 25
259.762 5.134796579731153 101 lat: 27
259.933 5.053435743743834 100 lat: 24
260.099 5.101650141250713 99 lat: 25
260.266 5.269802056973109 98 lat: 24
260.438 5.243149126396514 97 lat: 25
260.604 5.306483827906507 96 lat: 24
260.777 5.479018793274168 95 lat: 26
260.971 5.555927717124263 94 lat: 32
261.172 5.478277280305884 93 lat: 28
261.367 5.477273629887229 92 lat: 23
261.533 5.4165404183507215 91 lat: 22
261.709 5.335429921390394 90 lat: 25
261.907 5.112890207712243 89 lat: 29
262.073 7.49892878621873 87 lat: 23
262.242 6.673180696031661 87 lat: 26
262.43 6.112885643731462 86 lat: 25
262.6 7.916894993116369 84 lat: 28
262.773 8.4995303446365 83 lat: 25
262.943 6.207237190327258 82 lat: 25
263.112 9.147276454919677 80 lat: 25
263.282 12.749588959225676 78 lat: 25
263.452 10.374169104965237 78 lat: 24
263.621 11.743360481007533 76 lat: 24
263.806 12.26378341126449 75 lat: 43
263.982 9.16968404593464 75 lat: 33
264.15 5.640596232654689 74 lat: 26
264.336 6.165528386185052 73 lat: 26
264.511 4.415892505813625 72 lat: 32
264.687 2.8321988225396786 72 lat: 26
264.854 3.190237247497807 71 lat: 26
265.025 3.4098483228971093 70 lat: 24
265.204 3.3673145382595235 69 lat: 24
265.38 3.2592227919236345 68 lat: 29
265.554 4.2985573438164195 67 lat: 26
265.724 4.764072915534285 66 lat: 29
265.894 4.928452400010633 65 lat: 27
266.068 4.851097567142512 64 lat: 26
266.231 4.713329761610579 63 lat: 24
266.402 6.693786785502113 61 lat: 26
266.569 7.705557756247521 60 lat: 26
266.739 8.211040659200481 59 lat: 24
266.908 7.472321769106915 59 lat: 27
267.082 7.070178185190407 58 lat: 24
267.261 4.753269957673376 57 lat: 36
267.435 6.247822196725054 55 lat: 25
267.606 6.772118005319772 54 lat: 29
267.79 6.8407449740565305 54 lat: 24
267.971 7.019669267808439 53 lat: 28
268.153 9.44378401050497 51 lat: 34
268.324 6.318013328462093 51 lat: 24
268.493 5.12483604163869 50 lat: 25
268.671 6.043646898867268 49 lat: 25
268.838 5.408149537910766 49 lat: 26
269.049 2.6919450463964303 48 lat: 60
269.227 3.1346315108181657 47 lat: 29
269.393 3.2110222950364986 46 lat: 24
269.559 5.281286797527215 44 lat: 26
269.729 7.125756996436176 43 lat: 26
269.919 7.943274832083434 42 lat: 38
270.105 7.256254746533823 42 lat: 36
270.282 8.561685996401026 40 lat: 31
270.455 6.938699158806931 39 lat: 26
270.623 6.4042039309247585 38 lat: 21
270.797 6.195964564530927 37 lat: 27
270.973 6.1745631097914675 37 lat: 30
271.153 6.528236095595079 35 lat: 32
271.317 6.430609582594719 34 lat: 23
271.495 5.132704900975452 34 lat: 24
271.663 6.135233801138473 32 lat: 24
271.844 6.249894598402287 32 lat: 24
272.014 9.567889010042947 29 lat: 27
272.194 10.799611240478118 28 lat: 25
272.358 11.128973900676312 28 lat: 22
272.531 9.834402367468616 27 lat: 30
272.698 9.689299175033014 27 lat: 24
272.869 4.212794711065288 26 lat: 24
273.046 4.153568644475293 24 lat: 34
273.222 5.2889206298499 23 lat: 28
273.401 5.675981520648232 22 lat: 28
273.584 6.688715039661608 21 lat: 36
273.75 7.402465445187596 20 lat: 25
273.914 5.671649187477063 19 lat: 22
274.095 7.295818638793232 17 lat: 31
274.273 31898.73058389276 16 lat: 33
274.445 37469.62572328663 15 lat: 26
274.61 38466.9868949766 15 lat: 24
274.78 38692.751957797045 17 lat: 27
274.949 38743.56793363529 18 lat: 28
275.12 6861.687835825386 18 lat: 27
275.298 1295.3195350912727 19 lat: 25
275.476 300.7491091463398 20 lat: 25
275.653 75.2699129371092 20 lat: 27
275.821 23.579081322255067 21 lat: 26
275.988 15.537322696544248 22 lat: 23
276.158 15.966953780394595 24 lat: 24
276.324 16.199043675997657 25 lat: 26
276.495 16.193018392239424 25 lat: 26
276.668 19.33299570130596 27 lat: 24
276.845 20.5114081311961 28 lat: 26
277.023 17.700153787976824 29 lat: 24
277.212 24.54951347031478 32 lat: 48
277.379 25.808623320925523 32 lat: 21
277.545 21.089950504529835 32 lat: 23
277.723 19.11294302204818 33 lat: 24
277.903 18.58860843964227 34 lat: 25
278.09 8.283647051583705 34 lat: 37
278.272 10.630805516179764 36 lat: 36
278.443 13.829520095223387 37 lat: 27
278.612 15.180649833933229 38 lat: 25
278.783 15.796513394172134 39 lat: 33
278.956 18.39146639774382 40 lat: 32
279.13 20.236224881594907 42 lat: 25
279.302 17.931884477321685 42 lat: 26
279.511 17.032036872808053 43 lat: 35
279.684 16.65671105781411 44 lat: 23
279.853 20.088601010520026 46 lat: 29
280.028 17.952577333129923 47 lat: 27
280.2 19.89135948296148 48 lat: 24
280.37 20.80054449451432 49 lat: 25
280.565 20.791206156100372 50 lat: 24
280.74 17.15326829557791 51 lat: 30
280.911 15.61272933873677 52 lat: 24
281.076 15.279710438533638 53 lat: 23
281.243 14.953316632800812 54 lat: 25
281.412 15.129901344154435 55 lat: 25
281.583 14.946586937088968 56 lat: 27
281.753 15.015957444919772 57 lat: 23
281.998 15.151084324132292 58 lat: 37
282.164 15.5627622865961 59 lat: 24
282.339 19.391126536674005 61 lat: 25
282.511 24.543922477532067 63 lat: 25
282.682 26.59417063577612 64 lat: 27
282.852 24.522383090353728 64 lat: 25
283.026 26.50577904081992 66 lat: 24
283.197 21.144749232558656 66 lat: 24
283.369 18.58929765781169 68 lat: 27
283.535 17.215302223504683 69 lat: 25
283.706 19.21124288692029 70 lat: 30
283.878 15.00740007331299 70 lat: 27
284.05 15.5334933740795 71 lat: 24
284.235 16.061120050000667 73 lat: 35
284.418 16.577431665005903 74 lat: 34
284.597 14.45793335073645 74 lat: 30
284.767 18.428169647993624 76 lat: 29
284.943 20.097416581543037 77 lat: 26
285.138 17.625154842883653 78 lat: 51
285.303 16.68185246246837 79 lat: 23
285.474 18.65964905598252 80 lat: 27
285.648 16.52892657402807 81 lat: 28
285.827 15.616393793156316 82 lat: 26
285.997 15.150761946438141 83 lat: 28
286.173 15.121112004288822 84 lat: 31
286.348 15.19949237866649 85 lat: 22
286.518 15.338664679897786 86 lat: 27
286.691 15.81999166718025 87 lat: 28
286.857 16.100062571623326 88 lat: 25
287.031 19.578382565888923 90 lat: 24
287.207 20.611424539295093 91 lat: 29
287.374 21.00432572051343 92 lat: 24
287.542 20.566896313719766 93 lat: 25
287.727 20.592694259041362 94 lat: 33
287.916 16.82204258362774 95 lat: 38
288.088 15.635323234439902 96 lat: 23
288.256 14.916824472333682 97 lat: 25
288.421 15.138316284311593 98 lat: 23
288.596 12.926113436506382 98 lat: 28
288.767 15.021257215657153 100 lat: 23
288.934 19.83217080194441 102 lat: 27
289.109 21.750782022879346 103 lat: 24
289.285 22.54225235207538 104 lat: 24
289.467 24.578922557225347 105 lat: 25
289.638 22.54239247313424 106 lat: 23
289.806 15.696271813439887 106 lat: 28
289.973 12.978212125223294 107 lat: 23
290.152 14.60530863163018 109 lat: 30
290.321 12.792032915867992 109 lat: 23
290.49 12.042140980702563 110 lat: 29
290.66 13.730748200841695 111 lat: 31
290.832 14.53952493619683 112 lat: 24
291.067 12.065552657250379 113 lat: 73
291.243 13.743740378314964 114 lat: 24
291.447 17.71371665425491 116 lat: 31
291.665 18.972227125783576 117 lat: 31
291.831 19.895977447510404 118 lat: 27
292.001 20.104200012434507 119 lat: 26
292.177 19.91458189912364 120 lat: 24
292.356 16.693632942668668 121 lat: 38
292.56 13.61520223472877 121 lat: 49
292.745 14.593572959241584 123 lat: 32
292.921 15.044072644926034 124 lat: 30
293.147 15.272583289902945 125 lat: 67
293.351 15.257369377237062 126 lat: 33
293.526 17.061912270675787 127 lat: 33
293.699 15.124871951727247 128 lat: 29
293.86 12.288855655328298 128 lat: 20
294.043 104.09879162154247 115 lat: 34
294.215 106.30633414338145 117 lat: 25
294.382 211.0568173998434 131 lat: 22
294.55 233.58759011055142 119 lat: 24
294.718 315.67333198145445 133 lat: 25
294.882 244.44134745595383 134 lat: 23
295.058 244.17607139610047 134 lat: 31
295.223 140.19644230495211 135 lat: 23
295.411 118.1892012663834 136 lat: 27
295.576 38.29110733772617 137 lat: 23
295.759 17.59013408114811 138 lat: 24
295.925 13.650667876710283 138 lat: 27
296.09 15.10794439389257 140 lat: 23
296.265 15.62338831691766 141 lat: 23
296.449 16.10365626543277 142 lat: 35
296.624 16.52683383506393 143 lat: 27
296.789 21.98683518046576 145 lat: 25
296.972 21.253091278710258 146 lat: 28
297.154 18.480814785202497 146 lat: 32
297.327 19.892635311917886 148 lat: 28
297.494 17.702939353883192 148 lat: 25
297.67 13.22965968092779 149 lat: 27
297.859 11.496942148878839 150 lat: 39
298.065 13.273012781572392 151 lat: 50
298.273 11.350348187710093 152 lat: 54
298.446 13.17468059510526 153 lat: 30
298.613 14.495237677259603 154 lat: 23
298.786 15.366625085570966 155 lat: 22
298.956 19.327986503991013 157 lat: 29
299.122 20.564569121376767 158 lat: 22
299.287 21.143707234145534 159 lat: 20
299.457 20.82670946284726 160 lat: 29
299.624 20.697050431897146 161 lat: 24
299.791 15.02187424077475 161 lat: 23
299.963 12.972078725966057 162 lat: 29
300.127 15.364520908510546 164 lat: 24
300.306 16.55326828929772 165 lat: 28
300.472 20.081206489917005 167 lat: 22
300.639 23.31079642645436 168 lat: 26
300.822 22.265258624239248 168 lat: 34
301.009 18.51715570767177 169 lat: 34
301.175 17.02557476027433 170 lat: 26
301.341 13.119372207015626 171 lat: 22
301.514 11.805342242870697 172 lat: 28
301.682 13.79946345600624 173 lat: 27
301.853 14.75936748967941 174 lat: 24
302.018 15.111949127382697 175 lat: 23
302.186 18.682699334205864 177 lat: 25
302.358 17.259459683209762 177 lat: 25
302.53 16.388275650814645 178 lat: 28
302.695 15.520575865452457 179 lat: 24
302.879 15.154371066106462 180 lat: 33
303.053 9.619827163420206 180 lat: 32
303.223 12.65774507473171 182 lat: 24
303.389 14.062939602053333 183 lat: 25
303.561 12.575484345966217 183 lat: 26
303.737 14.70156249888183 185 lat: 27
303.901 13.997504294912975 184 lat: 23
304.073 13.365355876363092 186 lat: 27
304.249 13.160967915580187 187 lat: 28
304.417 15.512636370001898 188 lat: 23
304.594 16.96958728352522 190 lat: 31
304.771 21.175567458048647 191 lat: 29
304.94 18.6563730752792 191 lat: 27
305.145 20.70870258636913 193 lat: 40
305.322 21.73936699727716 194 lat: 25
305.495 18.914433954968274 195 lat: 30
305.662 21.50963023985358 197 lat: 22
305.829 24.148974722701375 198 lat: 27
305.999 22.384147449041166 199 lat: 25
306.166 21.45598580163545 200 lat: 25
306.338 24.794035982849763 202 lat: 25
306.511 19.46440728307105 202 lat: 27
306.678 17.56912266090326 203 lat: 29
306.849 16.421172794380432 204 lat: 30
307.022 15.683165788190117 205 lat: 24
307.183 12.302650660517328 206 lat: 22
307.352 13.881508334899186 207 lat: 23
307.553 14.97234740848224 208 lat: 30
307.726 15.636207842540177 209 lat: 25
307.897 16.131798491395244 210 lat: 23
308.067 18.992454792512746 212 lat: 27
308.256 17.491109146084952 212 lat: 38
308.42 16.588555817793626 213 lat: 25
308.588 16.105879432651346 214 lat: 26
308.759 19.41035168925091 216 lat: 26
308.929 14.552168504496146 216 lat: 24
309.102 22.980934864009633 219 lat: 29
309.276 21.223897037254297 218 lat: 28
309.445 26.91024181931914 221 lat: 27
309.627 22.574568838364314 221 lat: 34
309.821 23.672162303045504 222 lat: 34
309.987 16.270339651138343 223 lat: 25
310.155 18.26161373119442 224 lat: 26
310.32 10.525270578879406 224 lat: 24
310.488 10.482495245020147 225 lat: 24
310.665 10.641806931291429 226 lat: 27
310.853 11.202297124564325 227 lat: 29
311.032 11.901168838960363 228 lat: 24
311.212 18.303819901027445 230 lat: 24
311.385 25.041077428955532 232 lat: 24
311.598 31.830649719258062 234 lat: 38
311.773 34.063428407654115 235 lat: 23
312.015 34.518829453358514 236 lat: 83
312.224 30.661023335935862 237 lat: 35
312.398 25.05654466034735 238 lat: 23
312.571 18.68257592792676 239 lat: 23
312.743 16.152151633318475 240 lat: 27
312.907 13.245920319398532 240 lat: 22
313.091 14.794459595016786 242 lat: 46
313.265 12.75490871649971 242 lat: 26
313.439 10.178948720530846 242 lat: 24
313.618 7.454187789977252 242 lat: 29
313.789 32221.93661176237 242 lat: 26
313.963 37914.30740436177 242 lat: 26
314.14 38963.61666164993 241 lat: 21
314.308 39165.27159343672 240 lat: 27
314.478 39198.782625333835 240 lat: 24
314.663 6997.7632091866635 238 lat: 29
314.867 1302.3415844617014 238 lat: 33
315.102 255.85158791489113 236 lat: 81
315.29 55.77407189112711 235 lat: 30
315.481 22.20639251756319 235 lat: 42
315.647 10.461603138223929 237 lat: 24
315.818 18.209337443818846 232 lat: 26
315.98 15.374674351161087 232 lat: 23
316.147 16.387144502845498 230 lat: 26
316.314 20.302272637672516 228 lat: 26
316.482 19.740452489947582 227 lat: 24
316.665 13.935324632994497 225 lat: 31
316.84 13.258476421499427 225 lat: 26
317.022 16.388671009226545 222 lat: 28
317.204 13.012695229821118 222 lat: 37
317.376 11.035069015180492 222 lat: 27
317.545 9.655122748169473 220 lat: 26
317.719 9.420922679861118 221 lat: 28
317.949 3.3262494908598526 221 lat: 49
318.129 2.7112757831814385 221 lat: 29
318.307 2.984903614307157 220 lat: 32
318.483 6.2024733029828525 217 lat: 24
318.651 8.558819107432253 216 lat: 27
318.824 12.706403803173803 214 lat: 31
318.995 14.566584849864741 213 lat: 27
319.161 15.459104174769728 212 lat: 24
319.325 3317.6657233648434 140 lat: 24
319.49 4267.0243383926 209 lat: 26
319.662 4436.617183583937 209 lat: 25
319.835 4452.297370364876 207 lat: 27
320.001 4452.409834883435 206 lat: 26
320.182 1145.1889914735102 206 lat: 31
320.369 193.4162452615657 205 lat: 41
320.546 21.850219922639116 203 lat: 28
320.715 5.735080963599192 202 lat: 23
320.926 5.502907208784846 201 lat: 60
321.155 6.000826375810604 200 lat: 75
321.319 9.152995941866434 198 lat: 24
321.505 7.2651400366400445 198 lat: 36
321.684 8.499773285087425 196 lat: 33
321.903 7.678606447592616 196 lat: 47
322.084 9.233401110769853 194 lat: 22
322.247 7.622640889575232 193 lat: 23
322.44 8.624805227592676 192 lat: 39
322.617 7.017385109556715 191 lat: 27
322.786 7.92622152087382 190 lat: 24
322.988 6.221439510924931 189 lat: 26
323.153 5.63910161984216 188 lat: 23
323.322 5.302651884320149 187 lat: 25
323.499 5.117169376802388 186 lat: 30
323.666 4.928332318569243 185 lat: 25
323.837 5.155261130888512 184 lat: 24
324.004 5.314027661840724 183 lat: 24
324.19 5.27792486148369 182 lat: 22
324.375 5.473642880957545 181 lat: 22
324.547 5.719309676010009 180 lat: 30
324.712 5.6583028533484425 179 lat: 26
324.879 4.496175216363048 179 lat: 25
325.05 5.661124072752147 177 lat: 29
325.217 6.0459663805801895 176 lat: 23
325.388 5.978330378360979 175 lat: 27
325.559 4.940830396331282 175 lat: 25
325.72 6.998522767523655 173 lat: 24
325.889 9.067026233462496 171 lat: 23
326.057 7.98014294083553 171 lat: 23
326.22 6.816273943581364 171 lat: 22
326.391 7.113004337096969 170 lat: 26
326.552 7.4747480317521 168 lat: 22
326.72 4.823829024310453 167 lat: 25
326.894 8.335770375018438 165 lat: 26
327.059 10.66436254537592 164 lat: 22
327.236 10.577574345128054 164 lat: 27
327.406 8.127949050352546 164 lat: 28
327.579 6.572490454337061 164 lat: 26
327.763 6.907195450445208 161 lat: 28
327.959 6.745074709529479 160 lat: 35
328.13 7.896967754025146 159 lat: 27
328.304 9.089893712868893 158 lat: 24
328.471 10.049392566814571 157 lat: 22
328.639 6.732528937754306 156 lat: 25
328.807 5.673883608664756 155 lat: 23
328.971 5.388025543999794 154 lat: 24
329.15 5.202385483252225 153 lat: 28
329.316 5.03068421918325 152 lat: 25
329.482 4.920868430567601 151 lat: 25
329.656 6.875063021987072 149 lat: 32
329.825 7.801118761548664 148 lat: 26
329.992 8.180455571037696 147 lat: 25
330.164 7.444210803308715 147 lat: 25
330.328 8.78019519001383 145 lat: 22
330.491 7.420985416832375 144 lat: 29
330.663 174.92168638965668 128 lat: 29
330.828 218.6508030392181 143 lat: 22
331.001 223.7222491573538 142 lat: 25
331.169 375.41259731687364 125 lat: 26
331.333 406.9453220631791 124 lat: 22
331.518 316.83786706155183 138 lat: 30
331.706 281.3605661170131 137 lat: 47
331.874 276.682331557095 136 lat: 27
332.046 255.72027072711035 121 lat: 23
332.213 253.97103772351306 134 lat: 23
332.38 181.00166337081427 134 lat: 28
332.552 172.93865236793715 134 lat: 30
332.729 172.48658439617324 133 lat: 27
332.896 41.65147363878537 131 lat: 28
333.08 10.30634459711537 131 lat: 20
333.252 4.45318126681493 130 lat: 25
333.417 147.87685247996174 115 lat: 28
333.592 179.57014533997688 114 lat: 24
333.761 182.07145477851233 114 lat: 30
333.935 184.10059475937027 113 lat: 26
334.106 185.15063746790813 112 lat: 26
334.277 111.04371076686617 123 lat: 24
334.451 92.79338191001564 123 lat: 26
334.615 89.14568198007717 122 lat: 24
334.784 87.31893064420403 122 lat: 29
334.966 86.92756935746155 120 lat: 37
335.125 16.079009922252748 120 lat: 19
335.296 5.05678951932996 118 lat: 29
335.463 5.66392151130255 117 lat: 26
335.626 5.38345676583263 117 lat: 23
335.796 4.581689392891733 116 lat: 25
335.964 7.110734413243726 114 lat: 24
336.134 6.191293934197087 113 lat: 26
336.297 5.996457615872272 112 lat: 24
336.465 6.884829559881427 111 lat: 23
336.637 6.48631538387342 111 lat: 30
336.804 6.2666519106985215 109 lat: 24
336.971 6.003602664975119 108 lat: 26
337.139 4.694092050363431 108 lat: 28
337.307 6.10060696221206 106 lat: 26
337.477 7.519679497672495 105 lat: 25
337.645 6.394023618775721 104 lat: 23
337.824 6.251976133023484 103 lat: 35
337.995 7.297056610800386 102 lat: 24
338.192 6.013181586376803 101 lat: 25
338.363 5.631886078305866 100 lat: 27
338.531 5.408968886478908 99 lat: 27
338.702 4.365457614876007 99 lat: 23
338.875 5.317930587800841 97 lat: 26
339.044 5.66162358509343 96 lat: 25
339.224 5.80499621621654 95 lat: 35
339.4 6.041845035545398 94 lat: 30
339.568 6.930255043946734 93 lat: 25
339.734 4.922618351391983 93 lat: 21
339.905 5.673043315942702 91 lat: 26
340.078 5.892130755992534 90 lat: 29
340.248 5.947594032268745 89 lat: 20
340.421 5.071954492619254 89 lat: 32
340.621 7.215779283678483 87 lat: 59
340.797 5.197349382725748 87 lat: 27
340.965 6.517799813238135 85 lat: 24
341.145 7.081080219509415 84 lat: 35
341.315 7.188739352338 84 lat: 29
341.484 5.496504336651587 83 lat: 26
341.654 6.30962543724532 82 lat: 24
341.822 4.393410461357908 81 lat: 24
341.991 2.5394736079326266 81 lat: 28
342.158 4.375572172983302 79 lat: 25
342.323 5.2640050209265485 78 lat: 24
342.491 5.73952079627027 77 lat: 25
342.665 6.038531950423215 76 lat: 28
342.836 6.187051387166283 76 lat: 29
343.007 4.837015253150042 75 lat: 26
343.178 3.457510157768149 75 lat: 25
343.346 2.4442415870727627 74 lat: 25
343.515 2.0204575558465123 73 lat: 25
343.688 2.787490804958918 72 lat: 23
343.861 3.2926995824461915 71 lat: 26
344.03 4.354557216356424 70 lat: 23
344.199 3.9675932617293954 70 lat: 23
344.368 5.341144709713479 68 lat: 25
344.532 5.9131019237095375 67 lat: 22
344.706 4.811634766264715 67 lat: 26
344.868 4.358471492757234 66 lat: 23
345.092 5.176676491981378 65 lat: 81
345.276 3.909787626904903 64 lat: 25
345.456 3.4630160641438787 63 lat: 35
345.627 6.869535150710802 61 lat: 26
345.792 8.06068315832252 60 lat: 24
345.955 7.409680452101716 60 lat: 26
346.123 7.194133929607531 59 lat: 26
346.289 7.028667133043682 58 lat: 21
346.469 4.499642219478893 57 lat: 34
346.636 3.6490135339449745 56 lat: 26
346.801 4.392015856331851 55 lat: 24
346.972 4.853907716681333 54 lat: 27
347.136 5.016425406688288 53 lat: 22
347.305 4.929224138815821 52 lat: 27
347.472 4.938653569482526 51 lat: 23
347.643 7.472614764406297 49 lat: 31
347.829 6.712916423480975 49 lat: 29
348.007 6.23396871850933 48 lat: 34
348.176 6.213263902050311 47 lat: 28
348.363 7.897326313270902 45 lat: 25
348.531 6.021328599712993 44 lat: 27
348.694 9.571481540084044 42 lat: 22
348.861 9.45798806021467 42 lat: 24
349.027 9.265613922840163 41 lat: 26
349.194 6.6148309821072395 41 lat: 26
349.357 7.022568183840512 39 lat: 21
349.521 4.359445050768108 38 lat: 26
349.694 4.975445450237329 37 lat: 24
349.861 7.606449883004759 35 lat: 26
350.026 9.582397976587629 34 lat: 25
350.192 8.998823044079165 33 lat: 21
350.356 7.866046170783877 33 lat: 23
350.525 7.3811309091471555 32 lat: 29
350.692 4.092336263058489 32 lat: 21
350.86 4.014853057740778 30 lat: 27
351.037 3.8260879887988555 29 lat: 35
351.202 7.510172676585048 27 lat: 21
351.367 8.9344830434608 26 lat: 24
351.536 9.110260010835049 26 lat: 24
351.707 7.938398182468674 25 lat: 28
351.879 7.779449171485154 24 lat: 24
352.046 5.1966952185202295 23 lat: 22
352.211 3.280330308627831 23 lat: 23
352.374 3.506715712139683 22 lat: 23
352.539 2.7833975771459802 22 lat: 21
352.706 3.866130906479987 20 lat: 25
352.875 4.2116730777584275 19 lat: 23
353.06 4.202246790247151 19 lat: 26
353.225 4.176626528164554 18 lat: 23
353.404 31787.248790455364 17 lat: 37
353.591 37456.96285568821 17 lat: 23
353.774 38529.669712553245 18 lat: 31
353.952 38751.08536559179 19 lat: 27
354.121 38816.32558032614 21 lat: 23
354.294 7052.871778987058 22 lat: 27
354.508 1389.0174729597286 23 lat: 41
354.742 323.8939544551787 25 lat: 49
354.909 107.62418094534482 26 lat: 27
355.078 45.996897241642195 27 lat: 27
355.245 29.76246310962352 28 lat: 27
355.416 27.983753469441726 30 lat: 30
355.583 20.392857984306385 30 lat: 25
355.759 20.647375303631243 32 lat: 23
355.925 18.111836318486223 32 lat: 25
356.091 16.833912513942796 33 lat: 25
356.265 12.958820085834745 34 lat: 27
356.436 13.902505218179328 35 lat: 23
356.603 9.231358104734126 35 lat: 24
356.777 9.654753462230929 36 lat: 27
356.94 10.13341413887463 37 lat: 20
357.112 10.78548123552656 38 lat: 28
357.281 11.226789181487312 39 lat: 25
357.444 16.62891166587754 41 lat: 23
357.615 16.51034380250389 41 lat: 27
357.815 16.40782758834557 42 lat: 29
357.986 19.758881356101845 44 lat: 29
358.174 21.1358591753705 45 lat: 30
358.363 18.45456913198013 46 lat: 30
358.529 19.796026639274963 47 lat: 23
358.696 23.475559380598824 49 lat: 27
358.866 18.635821673305202 49 lat: 28
359.055 16.658050561506705 50 lat: 37
359.255 15.832119565165838 51 lat: 28
359.422 15.631788609179065 52 lat: 25
359.594 12.296585913730363 53 lat: 26
359.761 13.697567108443616 54 lat: 23
359.93 14.378659306356834 55 lat: 27
360.094 17.901064546339626 57 lat: 22
360.283 16.472031471083977 57 lat: 45
360.452 15.989989428597417 58 lat: 24
360.626 15.777807230924841 59 lat: 22
360.798 15.809852370123103 60 lat: 28
360.974 12.69587023090353 61 lat: 27
361.326 17.842700534988182 63 lat: 106
361.667 23.629419053372484 65 lat: 52
362.101 35.394847514504406 68 lat: 154
362.565 43.78360880377872 70 lat: 69
363.169 63.54755809414697 74 lat: 72
363.473 61.70498775081455 74 lat: 43
363.803 60.791934006489996 76 lat: 68
364.234 54.992992250698194 78 lat: 69
364.446 52.37539884596312 80 lat: 68
364.64 34.35453133078339 81 lat: 31
364.828 32.98237738753725 82 lat: 33
365.038 28.891339480452725 83 lat: 31
365.203 21.12703491782403 83 lat: 24
365.379 17.247245516861767 85 lat: 33
365.541 15.820705909700516 86 lat: 21
365.709 15.796675693436171 87 lat: 28
365.875 13.544910066766633 87 lat: 23
366.06 17.633640408138145 89 lat: 32
366.239 16.205387063100936 90 lat: 33
366.408 15.960204399735197 91 lat: 23
366.59 13.409834819368653 91 lat: 28
366.759 14.553861670287288 92 lat: 26
366.924 12.106890488893264 93 lat: 24
367.09 11.418160852625078 94 lat: 24
367.282 10.926050590122712 95 lat: 39
367.467 13.2839347094539 96 lat: 30
367.638 14.291461637066885 97 lat: 25
367.804 18.346170105166916 99 lat: 25
367.981 19.90724092377957 100 lat: 34
368.159 18.349837585113747 100 lat: 29
368.348 17.1925293942015 101 lat: 22
368.522 20.176769168937373 103 lat: 27
368.696 15.032626086129937 103 lat: 31
368.873 16.001630483230375 105 lat: 26
369.037 16.301480082037937 105 lat: 26
369.218 16.66031532865226 106 lat: 33
369.394 16.77617100484925 108 lat: 25
369.56 19.504380931612566 109 lat: 24
369.734 17.640715062014582 110 lat: 31
369.901 19.69287136599349 111 lat: 23
370.068 20.245485802384376 112 lat: 23
370.255 17.34906598863336 113 lat: 31
370.435 16.302666393016306 114 lat: 26
370.6 15.89406516505495 115 lat: 24
370.772 18.50348143159296 117 lat: 26
370.935 17.09034563328833 117 lat: 24
371.109 16.16090625113738 118 lat: 27
371.276 15.945753986846862 119 lat: 23
371.451 15.986337823653345 120 lat: 29
371.627 12.908299292644374 121 lat: 23
371.796 14.385772723846632 122 lat: 25
371.975 18.54039201007192 124 lat: 33
372.149 16.995797187313528 124 lat: 24
372.316 19.306298349394247 126 lat: 24
372.485 115.39934689283899 112 lat: 27
372.653 122.05793620940152 113 lat: 26
372.823 115.71395284760281 114 lat: 24
372.99 258.49069775485754 129 lat: 26
373.172 277.51194776832375 116 lat: 37
373.338 179.57925856327452 117 lat: 29
373.527 171.64083298756717 119 lat: 38
373.723 171.9726600021834 119 lat: 33
373.881 29.50357383536373 120 lat: 22
374.051 7.4682222953127395 121 lat: 27
374.216 8.986614050334678 122 lat: 28
374.4 8.156704528908993 122 lat: 24
374.569 186.38394111249778 138 lat: 27
374.741 238.84602325358992 140 lat: 31
374.905 254.6147255696175 141 lat: 24
375.07 336.348028675194 127 lat: 26
375.244 417.4755285127636 143 lat: 28
375.413 263.1215392524707 144 lat: 22
375.593 218.57607343508096 145 lat: 27
375.763 209.51671919532686 147 lat: 27
375.932 130.2457275831134 148 lat: 29
376.099 49.531284743086424 148 lat: 24
376.264 27.339133232657623 149 lat: 24
376.451 20.46026100892701 150 lat: 42
376.622 14.21615141933949 151 lat: 32
376.819 11.690134610786252 152 lat: 27
377.011 12.984851332901336 153 lat: 22
377.179 13.802429443335683 154 lat: 24
377.347 14.149032891441816 155 lat: 25
377.516 14.372282325571563 156 lat: 25
377.687 15.07319799050097 157 lat: 28
377.877 15.433142448538042 158 lat: 25
378.047 18.877396392867446 160 lat: 23
378.227 17.240999066260365 160 lat: 23
378.402 16.752645300258433 161 lat: 25
378.57 16.019245247866323 162 lat: 27
378.743 18.95318934128743 164 lat: 26
378.912 14.217512571672751 164 lat: 23
379.08 14.927853243042184 165 lat: 27
379.251 18.056980658900407 167 lat: 25
379.42 16.84106374259725 167 lat: 24
379.582 11.351763842719285 167 lat: 24
379.76 11.260677330398313 168 lat: 35
379.939 11.551991853645337 169 lat: 26
380.106 8.670383101827756 170 lat: 23
380.288 10.023498469902238 171 lat: 30
380.468 12.34665651878041 172 lat: 28
380.636 16.917389784299807 174 lat: 22
380.805 15.954610898066628 174 lat: 25
380.981 15.695866910362769 175 lat: 34
381.155 15.865368184934814 176 lat: 26
381.331 19.400382406697602 178 lat: 24
381.499 17.420995665669558 179 lat: 24
381.679 17.105060561581432 179 lat: 28
381.867 16.73254014577798 180 lat: 33
382.034 19.26735304768916 182 lat: 22
382.207 16.926845523014038 183 lat: 28
382.385 13.744356503205129 183 lat: 26
382.55 14.517002498747502 184 lat: 24
382.723 14.955761071355788 185 lat: 31
382.895 12.415536197346956 186 lat: 26
383.072 11.540872168133827 187 lat: 30
383.256 16.806324975444614 189 lat: 24
383.429 19.333705108575252 190 lat: 23
383.598 20.000587899414224 191 lat: 26
383.779 20.255308291573172 192 lat: 30
383.973 20.50532784957115 193 lat: 33
384.153 17.601715215762688 194 lat: 34
384.33 16.701117763943728 195 lat: 29
384.497 16.5692561755939 196 lat: 26
384.663 20.024045246099906 198 lat: 24
384.831 21.128593875644615 199 lat: 28
384.999 21.258174038661423 200 lat: 21
385.202 21.10281278666783 201 lat: 25
385.371 21.156184651158462 202 lat: 28
385.534 20.781509347651575 204 lat: 24
385.696 20.428590881207263 205 lat: 22
385.875 18.16115865373836 205 lat: 28
386.075 16.92774184443875 206 lat: 53
386.239 16.319578085035833 207 lat: 23
386.403 13.099251841430688 208 lat: 22
386.578 11.951422227500242 209 lat: 26
386.742 13.750530774656927 210 lat: 24
386.914 14.519989428853885 211 lat: 26
387.088 15.146037457377997 212 lat: 27
387.251 15.147435918366488 213 lat: 21
387.419 15.165518434845701 214 lat: 24
387.584 15.24473318930791 215 lat: 24
387.752 15.354973653018721 216 lat: 23
387.926 15.083468037943586 217 lat: 26
388.09 15.154911051393844 218 lat: 22
388.262 15.178591348748135 219 lat: 27
388.436 14.913143002815254 220 lat: 23
388.598 14.759162245484148 221 lat: 24
388.771 14.81831923013482 222 lat: 27
388.937 14.87388963313628 223 lat: 24
389.109 15.254327185537258 224 lat: 26
389.291 15.419918316588296 225 lat: 31
389.468 15.56745109693308 226 lat: 30
389.636 15.558758228799963 227 lat: 25
389.816 18.91598777511942 229 lat: 29
389.996 17.10407505278824 229 lat: 34
390.165 19.432024185668183 231 lat: 22
390.338 17.94472179642574 231 lat: 23
390.501 17.295052430281096 232 lat: 26
390.67 21.226689034665938 235 lat: 24
390.844 22.03729051340922 235 lat: 28
391.009 19.536816970526928 236 lat: 26
391.178 20.908664851368385 237 lat: 24
391.341 21.592694971578346 238 lat: 21
391.517 14.308779022285798 239 lat: 29
391.682 12.842411999208272 239 lat: 25
391.877 10.503579339465048 239 lat: 24
392.045 15.33913701180592 242 lat: 27
392.214 14.031834086322284 242 lat: 23
392.378 11.54301430516808 242 lat: 23
392.549 10.740372222596761 241 lat: 24
392.715 31765.226207241176 242 lat: 25
392.878 37371.27729358202 242 lat: 21
393.049 38511.4015605133 239 lat: 27
393.219 38707.21287228228 239 lat: 24
393.391 38741.30116450185 239 lat: 27
393.566 7000.9503029097095 237 lat: 26
393.748 1389.0376510221643 237 lat: 34
393.914 247.2216800239715 237 lat: 25
394.106 52.811397822412246 235 lat: 52
394.281 22.512789222497275 233 lat: 31
394.444 12.785770695853262 231 lat: 24
394.611 11.284103088642857 231 lat: 25
394.784 13.69854108332722 229 lat: 24
394.949 13.455478278678608 228 lat: 25
395.136 13.325747093051096 226 lat: 30
395.317 8.47449336177888 227 lat: 28
395.484 9.783740825977434 225 lat: 26
395.654 8.62481698607858 224 lat: 20
395.818 7.849627904887609 223 lat: 23
395.987 5.130513996298985 222 lat: 26
396.193 6.253640919693092 221 lat: 44
396.373 5.6118684707990845 220 lat: 29
396.544 4.350221171386071 220 lat: 23
396.711 3.7974842329827942 219 lat: 24
396.895 5.782435904846025 217 lat: 24
397.065 4.846517140880535 217 lat: 24
397.242 4.37496305522501 216 lat: 29
397.406 7.166284459189301 214 lat: 25
397.574 8.332556391685396 213 lat: 27
397.754 6.753474342355965 212 lat: 25
397.927 7.695662918155123 211 lat: 35
398.096 8.351446006338149 210 lat: 28
398.265 6.349593598446758 209 lat: 27
398.431 4.731077479089361 209 lat: 25
398.598 5.495002658870277 207 lat: 24
398.766 4.478230574190445 207 lat: 27
398.936 3.9643053584730246 206 lat: 23
399.123 6.822751168667365 204 lat: 32
399.289 7.070852036719758 204 lat: 24
399.455 4.90517742892204 204 lat: 29
399.65 5.153852098587909 203 lat: 45
399.825 5.056697690625908 202 lat: 29
399.989 4.434230803500775 200 lat: 25
400.155 4.427242446816736 200 lat: 20
400.327 5.0786240534484755 199 lat: 24
400.579 5.605460688724386 198 lat: 23
400.748 5.916093256536869 197 lat: 29
400.922 3.8883531226479997 196 lat: 24
401.084 7.034909516158628 194 lat: 22
401.249 6.565927615289238 194 lat: 24
401.431 6.322303397067754 193 lat: 30
401.606 8.28254615572132 191 lat: 26
401.771 7.499717142315922 191 lat: 24
401.941 4.7917653299671645 190 lat: 25
402.115 5.353276158117654 189 lat: 31
402.282 5.515643270893585 188 lat: 28
402.451 5.809540057941772 186 lat: 27
402.617 7.248222435680338 185 lat: 23
402.784 7.734744009494801 184 lat: 27
402.956 8.149501472256475 183 lat: 27
403.118 8.321360885194345 182 lat: 20
403.291 6.0484711902182 181 lat: 27
403.456 5.398358325743995 180 lat: 25
403.626 5.177313299087839 179 lat: 23
403.8 5.03409764874238 178 lat: 32
403.969 5.284871315803967 177 lat: 26
404.135 5.437585404618206 176 lat: 25
404.304 4.4430004706646 176 lat: 24
404.466 5.8122151943077585 174 lat: 23
404.642 6.226370026117175 173 lat: 28
404.807 5.044581168357116 173 lat: 23
404.975 6.145438088116658 171 lat: 23
405.139 6.232043070874967 171 lat: 29
405.309 6.5467532545974745 169 lat: 27
405.474 6.721829727358297 168 lat: 21
405.638 6.814472991111251 168 lat: 24
405.804 7.1240742982215295 166 lat: 26
405.972 7.180700302790416 166 lat: 29
406.139 6.982603969372726 164 lat: 24
406.367 5.555879854015827 164 lat: 27
406.531 5.951946712586551 163 lat: 24
406.701 6.321449599234343 161 lat: 26
406.868 7.822744657438278 160 lat: 23
407.038 6.561656679780005 159 lat: 27
407.209 7.514529626998228 158 lat: 23
407.379 7.942507115804983 157 lat: 24
407.541 6.088829231802153 156 lat: 23
407.712 5.4346479194186905 155 lat: 23
407.888 5.238928191444936 154 lat: 25
408.062 5.024307671480463 153 lat: 23
408.228 4.953882177791613 152 lat: 23
408.397 4.989272730439232 151 lat: 24
408.563 5.164758728487821 150 lat: 25
408.736 5.124988029304385 149 lat: 27
408.924 4.214510621639779 149 lat: 37
409.097 5.544544812481896 147 lat: 26
409.324 6.075380242021591 146 lat: 35
409.492 6.18356816047172 145 lat: 24
409.659 196.91808354814611 128 lat: 25
409.839 236.47260509618366 143 lat: 25
410.004 331.54659720951224 127 lat: 23
410.187 381.2604461589854 141 lat: 40
410.349 385.62787411763185 140 lat: 24
410.514 331.2271486342455 124 lat: 23
410.682 332.7005403054461 138 lat: 25
410.843 244.00483301217906 138 lat: 24
411.006 301.5316316294508 123 lat: 20
411.184 333.1803929404248 136 lat: 28
411.35 199.7422237928807 135 lat: 25
411.529 158.76871661827758 134 lat: 27
411.694 286.48111745057065 119 lat: 22
411.86 208.21727600253396 118 lat: 23
412.025 179.35959757421887 117 lat: 20
412.188 178.81870197853976 116 lat: 24
412.357 289.48714150763686 130 lat: 29
412.517 168.3963163949222 129 lat: 25
412.69 256.02192417689776 113 lat: 24
412.862 267.1896976523918 113 lat: 25
413.03 339.7878911070032 126 lat: 26
413.202 281.87278663030344 112 lat: 23
413.368 311.85228568301255 124 lat: 24
413.537 198.3702111573313 123 lat: 32
413.706 178.7888042812802 122 lat: 25
413.869 103.00989728751661 122 lat: 22
414.039 51.59229402095321 120 lat: 25
414.228 7.60202349326469 119 lat: 44
414.406 3.971973746634172 118 lat: 22
414.589 4.988551889667228 117 lat: 31
414.773 5.954380016207497 116 lat: 32
414.937 5.551721876559601 115 lat: 24
415.097 5.360285268039986 114 lat: 20
415.277 5.349314364124122 113 lat: 45
415.44 4.334185431137292 113 lat: 23
415.605 5.846629724662549 111 lat: 23
415.767 5.052825243044792 111 lat: 22
415.934 4.001037169593974 111 lat: 29
416.111 4.929518769478332 109 lat: 36
416.275 5.02864762317529 109 lat: 23
416.459 4.842329595218067 107 lat: 30
416.625 4.83695772613053 107 lat: 24
416.791 5.4098464308479866 106 lat: 23
416.96 4.246455204869821 105 lat: 25
417.141 7.124907912904499 103 lat: 33
417.342 6.44798894391106 102 lat: 25
417.506 6.350650153530354 102 lat: 22
417.675 7.998567072835016 100 lat: 25
417.841 7.37011392724606 100 lat: 30
418.006 6.860845456536499 98 lat: 22
418.177 6.750994441784936 97 lat: 23
418.348 6.800172480393678 97 lat: 27
418.523 5.152336914202412 96 lat: 30
418.722 5.728392013229613 95 lat: 22
418.887 4.05194858573971 94 lat: 22
419.058 3.227374991351019 93 lat: 31
419.26 3.9787712529228596 92 lat: 34
419.439 6.698004529349971 90 lat: 26
419.605 7.781525765365609 89 lat: 24
419.78 8.246624811070436 88 lat: 28
419.951 8.635606607417817 87 lat: 23
420.115 8.758570592154701 86 lat: 26
420.282 6.550969604223399 85 lat: 25
420.445 5.657550386740326 84 lat: 25
420.614 5.099422522460688 83 lat: 22
420.778 4.968751248220603 82 lat: 24
420.945 7.331691270151831 80 lat: 27
421.112 8.015972215448562 79 lat: 26
421.28 8.23772502831542 78 lat: 23
421.46 8.53660054671658 77 lat: 30
421.638 8.5668899454563 76 lat: 35
421.803 6.2692464191817265 75 lat: 25
421.975 4.535415721695128 75 lat: 22
422.187 5.319277440065649 73 lat: 46
422.347 5.50069386778309 72 lat: 24
422.515 5.507004713420308 71 lat: 27
422.68 5.638453512168816 70 lat: 21
422.852 9.2142746666189 68 lat: 29
423.016 7.615483276387061 68 lat: 23
423.188 7.1208837714330935 67 lat: 21
423.358 6.0606686486599175 67 lat: 28
423.534 5.335119403920262 66 lat: 28
423.712 1.7285003078773302 66 lat: 28
423.892 3.21763589258543 64 lat: 32
424.071 3.8028383295790427 63 lat: 24
424.234 4.8914932844653665 62 lat: 23
424.417 5.360753316813697 61 lat: 35
424.602 8.686411819796895 59 lat: 37
424.777 8.724071630744012 58 lat: 33
424.953 7.617314305663511 58 lat: 25
425.125 7.042669189118026 57 lat: 25
425.316 6.9921918801311325 56 lat: 21
425.505 6.903118305060804 54 lat: 49
425.675 5.28338102934717 54 lat: 22
425.85 5.7022354150002 53 lat: 25
426.017 8.106357196269265 51 lat: 25
426.188 7.452591975168109 51 lat: 25
426.363 4.976242810777957 50 lat: 25
426.534 5.611430974248165 49 lat: 27
426.699 6.032039903093946 48 lat: 24
426.863 4.133963085179321 47 lat: 24
427.026 5.02841542200067 46 lat: 22
427.189 4.316448454856563 46 lat: 24
427.362 3.8753941620118635 45 lat: 23
427.529 5.667996705433238 43 lat: 26
427.705 4.837903466434307 43 lat: 23
427.869 4.293343734199047 42 lat: 23
428.047 5.208942101068939 41 lat: 32
428.233 5.6436362654286 40 lat: 35
428.407 3.823472758334875 39 lat: 29
428.585 4.48520955122021 38 lat: 25
428.755 4.850474946546098 37 lat: 24
428.935 4.945806076937263 36 lat: 29
429.112 7.402059359252606 34 lat: 34
429.283 8.236320783138492 33 lat: 24
429.448 7.467111495344873 33 lat: 24
429.632 6.983068001487872 32 lat: 43
429.802 5.924642469001182 32 lat: 24
429.967 7.433311347685198 29 lat: 26
430.131 5.994150594343143 29 lat: 27
430.294 8.923317802299541 27 lat: 22
430.457 9.99564087848357 26 lat: 19
430.624 11.161131220972193 25 lat: 27
430.789 7.38252500562487 24 lat: 23
430.967 7.928139502334606 23 lat: 27
431.14 5.888936417553233 22 lat: 23
431.306 5.345380544565851 21 lat: 23
431.472 7.423529228637113 19 lat: 26
431.645 6.607526493626246 19 lat: 25
431.821 6.208325061071317 18 lat: 39
432.007 31728.70200998498 17 lat: 34
432.185 37262.20451520936 16 lat: 26
432.362 38310.87052448289 17 lat: 30
432.529 38527.30414829302 18 lat: 25
432.718 38589.011869767186 20 lat: 43
432.914 6891.7659366467715 22 lat: 34
433.1 1362.8196852502151 22 lat: 31
433.275 319.00892785374987 24 lat: 29
433.447 107.19602112736868 25 lat: 30
433.635 48.420522637271205 26 lat: 28
433.803 29.043025969183667 28 lat: 26
433.969 25.15365389023507 28 lat: 25
434.13 19.693416903904616 29 lat: 23
434.294 25.186769273747394 32 lat: 23
434.464 24.05669765387779 32 lat: 23
434.636 17.860368916816707 32 lat: 32
434.8 20.653004745512327 34 lat: 22
434.962 19.110773549536162 34 lat: 20
435.132 10.734792614106818 35 lat: 27
435.298 11.140909392367222 36 lat: 23
435.465 13.188062959826652 37 lat: 29
435.636 14.93328311950587 39 lat: 25
435.799 15.419434006097969 39 lat: 25
435.971 15.940346141899665 40 lat: 30
436.138 15.937770328407208 41 lat: 25
436.31 16.039670072907523 42 lat: 28
436.489 12.819211213413295 43 lat: 32
436.685 14.20746678064071 44 lat: 40
436.858 17.656101822147676 46 lat: 26
437.027 18.97273088877369 47 lat: 25
437.199 17.122998330677717 47 lat: 34
437.38 16.130613443880584 48 lat: 35
437.545 15.862474015247173 49 lat: 25
437.714 12.530810594961519 50 lat: 26
437.918 11.464758870184433 51 lat: 61
438.082 13.455263918625398 52 lat: 23
438.245 14.53803272099847 53 lat: 21
438.413 15.03025709897925 54 lat: 25
438.582 18.70736793597557 56 lat: 26
438.753 19.837148183465196 57 lat: 26
438.929 20.332570293152596 58 lat: 28
439.102 20.284384264389654 59 lat: 25
439.278 17.9070647783147 59 lat: 25
439.447 13.433793804643456 60 lat: 28
439.614 11.948578932164072 61 lat: 23
439.778 11.278941227512298 62 lat: 24
439.949 11.12267689807901 63 lat: 24
440.118 13.545461557632352 64 lat: 26
440.3 14.761291307311705 65 lat: 34
440.495 18.37215536584381 67 lat: 44
440.677 19.689788020637007 68 lat: 31
440.848 18.013043452040165 68 lat: 23
441.019 16.882868786212793 69 lat: 29
441.19 19.646557488623543 71 lat: 30
441.359 17.614282154750956 72 lat: 27
441.53 17.086056269852513 73 lat: 28
441.697 18.942004677161925 74 lat: 25
441.891 17.65130730142752 74 lat: 25
442.057 13.61275414406407 75 lat: 27
442.23 11.861278600670037 76 lat: 27
442.402 10.81283171639429 77 lat: 24
442.566 10.596157807789714 78 lat: 24
442.754 10.67695239845095 78 lat: 36
442.941 13.971400263279385 80 lat: 35
443.126 15.763397388895658 81 lat: 31
443.307 20.385640478410203 83 lat: 37
443.476 22.107562247546227 84 lat: 21
443.64 24.763811940490033 85 lat: 22
443.812 22.971174908623855 86 lat: 24
443.988 21.914864241282825 87 lat: 31
444.264 17.963487545726295 88 lat: 87
444.429 19.99627026928337 90 lat: 23
444.594 24.78919845098682 92 lat: 23
444.761 23.423397326635236 92 lat: 24
444.925 22.798615674405323 93 lat: 26
445.092 22.551619206940128 94 lat: 25
445.279 19.273480217542268 95 lat: 30
445.461 17.72515507640419 97 lat: 23
445.633 24.578682154227508 99 lat: 28
445.806 27.09455049242548 100 lat: 31
445.975 28.07704730969903 101 lat: 26
446.143 28.02208134173503 102 lat: 26
446.303 24.1145844040203 103 lat: 26
446.474 18.45752346194672 104 lat: 27
446.643 14.206912251942335 104 lat: 29
446.809 15.257441873428427 106 lat: 25
446.978 13.323429649071038 106 lat: 25
447.148 15.918119947435681 108 lat: 28
447.322 16.825178111872873 109 lat: 25
447.487 19.181691723803297 110 lat: 23
447.662 17.183000733876025 111 lat: 26
447.833 19.081860818499756 112 lat: 26
447.998 16.782427116420838 113 lat: 24
448.169 16.096406896692145 114 lat: 26
448.34 19.727061055177053 116 lat: 25
448.53 21.35258245479053 117 lat: 46
448.705 21.936161835567447 118 lat: 27
448.874 22.055165346801335 119 lat: 28
449.045 25.40659806593309 121 lat: 27
449.214 20.079582258051172 121 lat: 27
449.379 20.54636555310783 123 lat: 27
449.547 18.161238919706992 123 lat: 27
449.713 123.6561441407284 109 lat: 20
449.885 123.08101236882374 111 lat: 30
450.047 121.52319363818883 112 lat: 24
450.214 117.54222055648353 113 lat: 28
450.393 116.52917658821642 113 lat: 29
450.555 9.47406607174696 114 lat: 23
450.719 5.626371726482352 115 lat: 24
450.9 8.14023777754192 116 lat: 25
451.072 10.119108251655108 117 lat: 25
451.246 16.554602609316674 119 lat: 30
451.413 19.531312760664616 120 lat: 25
451.587 21.060132851049293 121 lat: 26
451.781 21.792926979118953 122 lat: 44
451.97 25.00733839042965 124 lat: 35
452.162 19.599871549859717 124 lat: 40
452.328 16.95364392725081 125 lat: 22
452.512 13.77148696927327 125 lat: 41
452.683 208.9553206461454 142 lat: 22
452.851 251.38870443614127 143 lat: 26
453.046 265.7165917045752 144 lat: 49
453.218 276.41168165959203 146 lat: 31
453.386 281.63893268520565 147 lat: 26
453.558 90.8672282726763 149 lat: 26
453.723 44.34651249395451 149 lat: 28
453.889 31.265968358780004 150 lat: 24
454.075 24.3684824222715 152 lat: 27
454.247 20.005407827847243 152 lat: 28
454.427 12.89552770913197 152 lat: 29
454.644 15.207067570579373 154 lat: 62
454.829 15.823177740180215 155 lat: 31
455.065 16.458889167340413 157 lat: 90
455.261 19.62968198099989 158 lat: 35
455.444 20.60885064929065 158 lat: 33
455.609 20.97389945094221 160 lat: 25
455.778 21.46154492750725 161 lat: 23
455.944 18.490398630536227 162 lat: 24
456.119 20.66941082641501 164 lat: 24
456.293 23.529558256936625 165 lat: 25
456.46 22.382304401988097 166 lat: 27
456.626 21.47711262289035 167 lat: 24
456.788 21.022907934228602 168 lat: 23
456.96 15.175157348012746 168 lat: 30
457.128 15.659820101056184 170 lat: 25
457.298 15.49470378758982 171 lat: 26
457.468 15.54370882639862 172 lat: 24
457.64 15.410418986856051 173 lat: 24
457.817 15.289235108883803 173 lat: 27
458.008 12.172690432355271 174 lat: 37
458.187 14.27925894365539 176 lat: 30
458.355 12.876366726661535 176 lat: 24
458.526 15.50789533819049 178 lat: 27
458.694 16.255226194450206 178 lat: 24
458.865 20.167974069097852 180 lat: 29
459.026 18.41213592307238 181 lat: 20
459.195 20.191549081162545 182 lat: 26
459.365 21.254708784394232 184 lat: 31
459.53 21.513490636882388 184 lat: 26
459.724 18.318689154586185 185 lat: 46
459.915 20.423496280154595 187 lat: 40
460.081 21.245638134678536 188 lat: 23
460.253 18.114044114942093 189 lat: 25
460.427 19.88867598552807 190 lat: 29
460.646 20.823071292200872 191 lat: 31
460.812 21.3680853843042 193 lat: 24
460.975 21.17387592128121 194 lat: 21
461.151 18.712798803749898 194 lat: 30
461.324 16.984477833094747 195 lat: 29
461.494 15.976163297530597 196 lat: 27
461.667 12.283166837527425 197 lat: 27
461.833 11.595342958298524 198 lat: 24
461.996 17.073498910985805 200 lat: 22
462.164 19.463749275033962 201 lat: 27
462.329 18.536220647420112 201 lat: 24
462.499 18.02540834044828 202 lat: 24
462.672 20.89923890441865 204 lat: 26
462.84 18.54374613770006 205 lat: 28
463.004 17.610346115627642 206 lat: 22
463.168 19.422341430002554 207 lat: 24
463.335 20.038714766807672 208 lat: 21
463.504 16.89045534200742 209 lat: 23
463.67 13.67219624389704 209 lat: 25
463.871 15.2193387961143 211 lat: 28
464.047 19.218322995108334 213 lat: 27
464.225 18.35520295085488 213 lat: 26
464.395 18.63043161002935 214 lat: 27
464.561 24.3626357974035 216 lat: 24
464.728 23.67540608753326 217 lat: 23
464.899 23.369358227213873 219 lat: 25
465.07 25.50515417514095 220 lat: 25
465.26 25.83981868352108 221 lat: 29
465.427 20.139653693935806 221 lat: 25
465.598 20.542739520297054 223 lat: 28
465.776 14.92882574361748 223 lat: 34
465.949 15.910906999155696 225 lat: 25
466.118 16.171437801531344 226 lat: 27
466.342 18.808094486183876 227 lat: 46
466.509 17.235781214918696 228 lat: 24
466.682 22.60336472979908 230 lat: 22
466.853 18.95259777304996 230 lat: 25
467.014 17.455103684929597 231 lat: 20
467.18 16.59336957355663 232 lat: 27
467.354 14.27350977895268 232 lat: 25
467.522 12.716019628472912 234 lat: 23
467.694 15.07507424936297 235 lat: 30
467.862 19.43846938065692 237 lat: 25
468.026 21.02333795230524 238 lat: 22
468.193 23.957005097918437 239 lat: 25
468.367 25.640571106899397 241 lat: 30
468.537 23.199742421785587 241 lat: 24
468.721 16.97390577453156 241 lat: 34
468.891 12.856033830875548 241 lat: 31
469.062 9.294652416717911 241 lat: 24
469.235 31654.768175368572 241 lat: 26
469.405 37241.73453438215 241 lat: 27
469.602 38317.73123625787 239 lat: 56
469.77 38522.33868162465 238 lat: 23
469.954 38576.78265587666 236 lat: 28
470.132 6938.11808264542 235 lat: 25
470.294 1358.5099660226103 233 lat: 19
470.463 285.4085897715156 232 lat: 28
470.635 80.9166567253232 232 lat: 27
470.802 29.13172749325675 230 lat: 23
470.975 15.650915332055394 230 lat: 31
471.159 7.294025813820108 229 lat: 28
471.332 4.5446226807123 228 lat: 24
471.562 5.114475927556324 227 lat: 40
472.033 5.537339581938101 225 lat: 324
472.22 13.90918159655474 222 lat: 34
472.388 16.738257094156033 221 lat: 24
472.572 17.74854873787028 220 lat: 26
472.734 18.108846293364397 219 lat: 23
472.9 18.235594819134942 217 lat: 25
473.064 10.065484985002985 217 lat: 24
473.235 9.262210095435833 215 lat: 30
