0.147 0.019021424246988796 247
0.316 0.09237445587584753 247
0.479 0.18029586697607253 247
0.638 0.2640168692645316 247
0.801 1.5702819874660663 245
0.959 1.7286928031132542 245
1.147 2.316047110810629 244
1.312 2.9819542109056476 243
1.47 3.7115915191850686 242
1.629 3.1243738202603835 241
1.792 3.7350966122312705 240
1.96 3.91272119741435 239
2.135 5.775567234407546 237
2.305 5.302877752308337 237
2.482 7.1418326801507455 235
2.673 7.970608859386352 234
2.83 7.268698522823748 234
2.994 6.654802804734855 232
3.161 6.517132000939775 232
3.333 4.534320580708387 231
3.503 3.6662268457713685 230
3.672 4.27130213241213 229
3.836 3.0812945271872003 228
4.001 5.50298786453841 226
4.161 6.668139852703502 225
4.331 7.160353547088237 224
4.492 7.51357599224582 223
4.655 7.779643717675891 222
4.837 6.223225429610256 221
5.0 5.46048522262686 220
5.164 5.13535313082927 219
5.325 5.092243356443059 218
5.503 4.91029132194881 217
5.67 4.805110581714432 216
5.83 4.956825922184374 215
5.987 5.113747906848024 214
6.162 4.988536703205769 213
6.321 4.174362847990083 213
6.482 3.661704770286217 212
6.645 3.1822030049815595 211
6.806 2.8137772691962804 210
6.974 2.7339172581298823 209
7.155 5.603518290665328 207
7.329 7.067368413048557 206
7.487 6.668401115096467 206
7.643 6.614143729636592 205
7.812 6.619075480306648 204
7.982 3.722965496536704 204
8.149 3.5381077865329176 202
8.321 4.523970285233511 201
8.489 5.037436465885902 200
8.649 5.371418217224323 199
8.832 5.391267437765805 199
8.99 4.204737594578122 198
9.154 5.494792686929456 196
9.323 4.653167249819865 196
9.485 5.665887522647572 194
9.669 5.868345076704465 194
9.836 5.909777425990471 193
9.993 4.1054938309390225 192
10.157 4.53344934705383 191
10.326 3.205090935526567 190
10.484 3.861705690738826 189
10.652 4.134113594429989 188
10.811 6.203253996040437 186
10.976 7.160790258333555 185
11.162 7.566424606032509 184
11.338 7.7636301776881265 183
11.494 7.990560911836366 182
11.658 6.304246448374509 181
11.821 5.423383976456713 180
11.985 4.210634708553964 180
12.142 4.9630873777707905 178
12.309 5.236715897565814 177
12.473 5.319476878376476 176
12.629 5.502206553331909 175
12.788 6.253818700988891 174
12.955 5.18952069524583 173
13.112 4.7605371887670405 172
13.276 4.4600719728186045 171
13.438 4.376908409988571 170
13.61 4.524988684454388 169
13.771 4.791982806904381 168
13.932 4.79938694021872 167
14.095 4.791381295280871 166
14.259 6.625539958666161 164
14.423 6.039378001718623 164
14.581 5.563369196066342 163
14.743 5.31312937009016 162
14.904 5.292592517449913 161
15.067 3.4797324820390103 160
15.225 4.005656405398557 159
15.403 4.353894623212754 158
15.565 4.611155870473628 157
15.722 4.719416175993836 156
15.88 4.660153944683624 155
16.057 4.7079837227380565 154
16.22 4.890253758757439 153
16.376 5.0135980254626205 152
16.533 5.3488713706114215 151
16.7 4.571075177575115 151
16.859 4.20389246775927 150
17.022 3.7733325088701255 149
17.184 2.726611834147705 149
17.34 1.7082169778180578 148
17.512 3.8745703628264905 146
17.674 4.783700629601155 145
17.84 5.4938736728292366 144
18.003 6.480097219495778 143
18.166 6.2861916286672646 143
18.33 5.959451131349773 141
18.493 4.700472410900273 141
18.654 3.851689846131875 140
18.817 5.340291068852811 138
18.987 5.5497045685407675 138
19.155 4.233946946385083 137
19.325 4.8135571988228545 136
19.494 5.1275925724476465 135
19.65 3.594564843257103 134
19.811 4.250083485213721 133
19.981 4.431535344663632 132
20.144 4.28112791404264 131
20.367 4.266289202720644 130
20.533 6.0995348458802106 128
20.697 6.876675926958456 127
20.856 7.33277064870525 126
21.019 7.734671104744528 125
21.181 7.823454810499499 124
21.351 7.700187519430034 122
21.51 6.24329846925078 122
21.673 5.598497574941425 121
21.855 7.004123512002883 119
22.019 6.381693488644175 119
22.186 5.978571162522682 117
22.347 7.277955045138782 116
22.513 6.809239336788264 116
22.674 6.580039899059949 114
22.85 7.701392263676034 113
23.042 5.617372122164898 113
23.199 4.573288135627908 112
23.371 5.230076060062431 111
23.57 3.9386906052638047 110
23.732 2.574943846505746 110
23.899 4.408811011768553 108
24.065 4.071117140408909 108
24.226 3.92817907294014 107
24.388 5.51924798662429 105
24.547 5.4267474047965 106
24.71 3.6701938399593077 105
24.882 3.4803681950481855 105
25.048 4.310933564584157 103
25.209 3.143529161473031 102
25.367 6.304862835546118 100
25.537 6.527914035028012 100
25.703 7.251656782526859 99
25.864 5.81819662445699 99
26.03 6.401518524994032 97
26.215 3.4962400078691833 97
26.387 3.4909464793978167 96
26.564 3.3163554525533003 95
26.751 6.0003263258483 93
26.915 5.6137252881229465 92
27.085 6.65809620781032 91
27.247 7.353310571561983 90
27.406 7.974925435229712 89
27.579 6.17991455050679 88
27.751 5.573190444109166 87
27.928 5.234187773693816 86
28.091 4.949897545465865 85
28.265 4.66565271908523 84
28.425 4.6939530993089 83
28.581 4.6687043274664655 82
28.763 4.668644045889029 81
28.942 4.820427814721111 80
29.105 4.899266249800262 79
29.273 4.944008283718077 78
29.437 5.006393270050509 77
29.604 5.1733498693132365 76
29.764 5.398879066200768 75
29.932 4.542887668152247 75
30.111 3.513389476057304 75
30.31 3.9799840623283553 73
30.47 4.107565034610892 72
30.637 2.9842125912815494 72
30.811 3.3905562508144813 71
30.992 4.104415715161167 70
31.157 3.684940817023612 69
31.322 3.3262078192266245 68
31.486 3.252262889868045 68
31.652 4.521161820581356 66
31.839 4.043748920617306 66
31.999 4.960473959684636 64
32.161 4.280550218548069 64
32.346 6.411811807979237 62
32.52 6.112787413024515 61
32.694 7.03673785819184 60
32.879 6.1640147158594125 59
33.062 6.854339653830751 58
33.256 5.430666364825335 57
33.439 6.7507300459472805 55
33.601 9.532491440094677 53
33.76 8.967267217244702 53
33.923 10.437561181356696 51
34.083 9.92238347408354 51
34.246 7.6662559039173335 50
34.411 4.410453716357698 49
34.585 6.522390097997328 47
34.747 5.658125699044821 46
34.912 6.463712151857724 45
35.074 6.870511864677311 44
35.255 9.049233197193955 42
35.412 6.74944803456862 42
35.572 5.790673026132989 41
35.734 7.2794926999446234 39
35.896 7.848976075258749 38
36.058 5.221509775911431 38
36.23 7.103068606465708 36
36.388 6.764720219346827 36
36.557 6.279567441571565 34
36.723 5.001814850095627 34
36.895 6.7822283217899315 32
37.078 4.828483747417572 32
37.243 6.570222274703435 30
37.405 5.788224532965587 29
37.565 6.624375204449311 28
37.73 5.511190288152242 27
37.901 7.923006489585316 25
38.066 7.591662801580576 24
38.225 7.617910320294611 23
38.378 7.743242043018875 22
38.542 7.735019167791807 21
38.713 5.12477883390938 21
38.881 5.29618863830724 19
39.043 5.318236158677021 18
39.205 5.476546203516602 17
39.363 26326.82446112747 16
39.533 32174.488005311236 16
39.689 33482.40581636357 16
39.855 33800.14488358299 17
40.035 33886.53534965306 18
40.212 7585.431639796418 18
40.374 1751.3243984521798 20
40.545 448.23737297041373 21
40.704 133.5154741897382 22
40.87 49.613966122575015 23
41.036 31.892490556851126 24
41.199 24.577452988557322 26
41.382 22.35230139640651 27
41.577 21.61619349731658 28
41.738 20.76259892853229 29
41.904 27.268532080177707 32
42.064 23.555429581493485 32
42.235 21.717437538866186 33
42.402 18.980103745391922 33
42.563 17.888425022223874 34
42.722 10.194856712258787 35
42.896 10.095508593532136 36
43.073 10.170562186708572 37
43.235 12.166749579915706 38
43.5 13.108326337514747 39
43.678 16.484308049366714 41
43.841 18.20378626576308 42
44.005 16.88370952074228 42
44.176 18.68542173830675 44
44.336 19.481735307538127 45
44.516 16.93544077733127 46
44.701 15.579707281596804 47
44.867 16.98683480472029 48
45.034 15.10465660387995 49
45.194 12.352581118398064 49
45.354 11.08087274736257 50
45.531 10.710276133710547 51
45.695 10.73442203354253 52
45.856 10.665209325995285 53
46.023 15.497477229190782 55
46.187 15.339177166359594 55
46.346 17.50633182485067 57
46.508 18.387967533862263 58
46.672 16.883794076594377 58
46.835 13.276544538123964 59
46.993 13.936279795196505 60
47.155 14.6157308741214 62
47.317 12.53056194624572 62
47.48 13.315772018738844 63
47.643 13.653340538004283 64
47.805 12.174075660473774 64
47.97 10.895854431321453 66
48.133 10.78189900472069 66
48.295 10.840466943786463 67
48.466 13.548747719576538 69
48.635 14.175502269937757 69
48.796 12.452138764230238 70
48.959 13.492712247207985 71
49.124 16.992040149134738 73
49.285 13.187368142898167 73
49.45 13.914681589517437 74
49.61 12.342479062812835 74
49.782 11.697692418811123 75
49.943 8.300333820541988 76
50.125 12.131737832238525 78
50.293 11.328411324758626 78
50.509 12.745975360136857 79
50.681 13.54593674211448 80
50.838 14.167251550148482 81
51.001 11.658854419077539 82
51.166 12.88823427506906 83
51.341 13.414956216602633 84
51.498 11.717935709607044 84
51.658 10.681476548050343 85
51.817 10.196460945769157 86
51.987 10.070244253869909 87
52.15 9.999332230656918 88
52.319 11.951376668410568 89
52.477 13.277692406914866 90
52.646 14.007984571312603 91
52.812 14.306386353178608 92
52.982 17.36417255312584 94
53.155 16.26472644097806 94
53.37 18.08907035988997 96
53.539 18.800887580292674 97
53.705 22.1669606444879 99
53.868 16.898578269882044 98
54.031 19.023619947170857 100
54.196 17.369423269019382 101
54.349 16.724675445031455 102
54.52 13.548487093433486 103
54.674 14.153671440653117 103
54.844 14.438774509896142 105
55.016 14.621474761993959 106
55.178 14.72482192453869 107
55.339 12.793979909953991 107
55.5 15.87222226198079 109
55.665 12.996395980195603 109
55.833 11.616891064033883 110
55.997 13.874433629838771 112
56.172 14.611450611138658 112
56.343 12.591855642908916 113
56.505 13.815783595616963 114
56.668 14.381543406255311 115
56.835 11.717559228548247 116
56.995 12.737504250385676 117
57.171 13.52130454480137 118
57.355 13.710879037407778 119
57.536 16.7647315976702 121
57.7 15.781867124815 121
57.876 13.649138169556117 121
58.047 14.970452465861802 123
58.218 16.068790311561003 124
58.383 16.46061904139793 126
58.545 19.125406228882 127
58.703 22.03803905151489 128
58.874 21.315799738279477 129
59.037 20.517446151575964 130
59.204 20.179239069120953 132
59.378 20.245353434076428 133
59.541 18.097454330064462 133
59.701 16.790024421326155 134
59.858 16.25725178542416 135
60.017 13.13400350584477 136
60.178 11.368491901761153 137
60.338 12.886833757713873 138
60.503 13.578802318243069 139
60.664 16.33040644599338 141
60.83 15.364826133021472 141
60.994 13.302799093173187 141
61.175 14.060396080326644 143
61.342 14.538514442005432 144
61.508 10.312887396096583 144
61.667 13.139157188442784 146
61.83 13.891746660251945 146
61.991 14.715005941108133 148
62.16 15.203072792359812 149
62.315 15.349697469056197 149
62.483 15.13253292291246 151
62.663 15.114310235294967 151
62.834 12.677409249047207 152
63.0 11.372220290874761 153
63.164 13.117903333509362 154
63.33 11.550442159996027 155
63.552 15.896653254739089 157
63.723 15.42608602787525 157
63.895 14.9122596748794 158
64.054 14.406966114356898 159
64.22 14.65022146422456 160
64.393 11.741082601443518 161
64.556 16.08708278266245 163
64.722 15.912478254996433 163
64.881 15.75224024667886 164
65.037 15.517352566723172 165
65.195 15.03500091269836 166
65.36 11.245404043501901 167
65.528 10.03165405295121 167
65.695 9.337677723528433 168
65.866 8.839982298279066 169
66.026 7.427050231496244 169
66.187 8.951639444056394 171
66.355 11.636384374490065 172
66.518 11.220757837180837 172
66.684 10.886541279932025 173
66.849 12.345722834303407 174
67.011 11.224829025619599 175
67.176 10.63301067025728 176
67.335 12.669308271769651 177
67.503 13.789461491494547 178
67.668 17.423256671717272 180
67.828 16.622589940935843 180
67.987 18.549687067873776 182
68.144 19.264528383801338 183
68.328 17.575855768207337 183
68.492 15.93894902621195 185
68.651 17.75190154096928 186
68.815 16.35172750027359 187
68.983 15.574931517008663 188
69.145 17.468819685394855 189
69.3 16.26285748264796 190
69.469 15.889097230341978 191
69.63 18.688134803768968 193
69.812 17.461879426930693 193
69.974 19.57619156299449 195
70.144 20.10561298814551 196
70.304 20.368675620353663 197
70.47 17.349168421067645 198
70.63 18.552113418585144 199
70.798 16.178098067145605 200
70.976 15.442103998795444 201
71.147 14.82385353042881 202
71.304 14.576246468275667 203
71.465 14.05779980898082 204
71.63 13.870214891166002 205
71.797 13.56514366793813 206
71.956 13.446810064781426 207
72.114 11.653383042653024 207
72.271 13.342585259094935 209
72.436 14.014967684806045 210
72.598 12.538589652564427 210
72.76 11.592881242822815 211
72.927 15.848872794534467 213
73.089 13.10820953717095 213
73.265 14.404045367093484 215
73.432 14.817827747488614 215
73.604 15.161522573466563 216
73.775 15.183505529846503 218
73.936 15.27281167423012 218
74.119 12.7820674089077 219
74.273 13.773155656766342 220
74.441 14.131009813852055 221
74.601 11.524493399636846 222
74.762 12.435734709353756 223
74.924 12.869052150846823 224
75.089 12.894315724148235 225
75.249 13.136263323053797 226
75.413 11.385142769086542 226
75.588 10.491998208503299 227
75.768 12.899183840730572 229
75.928 14.224871276530674 230
76.087 12.795480390043492 230
76.248 13.714593342982559 231
76.412 14.442396503324193 232
76.574 10.206162823487539 232
76.734 10.353350406812288 234
76.902 12.193487988670451 235
77.065 13.244275978949346 236
77.238 11.813105584188843 236
77.406 12.81328620601133 237
77.572 9.367359990765626 237
77.736 10.130978683510428 239
77.918 10.40526624757722 240
78.09 12.371325420842064 241
78.247 13.699157165854986 242
78.406 13.181639330253452 241
78.567 9.402177647363485 241
78.751 6.360954641674185 241
78.948 25232.85311377302 241
79.141 30782.807629483235 241
79.303 32051.38467637997 240
79.465 32325.222500051234 240
79.622 32393.810556471086 239
79.794 7183.831350060196 238
79.959 1637.2550868366786 237
80.119 371.46368884138474 236
80.276 101.64017980523923 234
80.434 34.86169773361042 233
80.604 16.72856695716308 232
80.779 13.356041899481799 230
80.94 12.26193589742563 229
81.103 8.321556158686205 229
81.266 7.081402212346344 228
81.431 6.746132952987976 227
81.597 4.584410273426818 226
81.758 2.8448917440481982 226
81.921 4.587839377805978 224
82.081 4.131841520572697 224
82.238 3.708439280028807 223
82.398 3.451497969918557 222
82.556 4.369823494378474 221
82.727 5.2721729203988765 219
82.884 5.396194427820422 219
83.052 5.499568415178656 218
83.224 5.6243734944974975 217
83.421 7.427861092409739 215
83.608 4.928678626967791 215
83.773 6.832501513628596 213
83.96 6.54489520327107 213
84.121 7.818495044336666 211
84.283 6.397129365876351 210
84.444 6.273819193004904 210
84.652 5.991889060274758 208
84.816 5.832483443356442 208
84.981 4.231439828217898 207
85.145 5.370286196143688 205
85.311 6.684165993339706 204
85.471 5.756327875755618 203
85.632 6.646104259183265 202
85.795 9.184595221421196 200
85.956 7.1160008072681755 200
86.133 6.3699868111100955 199
86.296 6.16636555979583 198
86.457 5.169621732023221 198
86.638 3.991276863402007 196
86.794 3.8238281113179546 196
86.957 3.6510726061070224 195
87.115 3.648134850043066 194
87.271 4.575959006603115 193
87.448 3.6291702214513446 192
87.611 3.484029606894154 192
87.775 3.2276859953805683 191
87.982 3.0166346426704913 190
88.161 4.603428143155115 188
88.331 5.155178827075884 187
88.5 6.069529158450943 186
88.657 8.5810458480676 184
88.823 9.887182900735668 183
88.994 8.741366634082658 182
89.164 7.3668741115138365 182
89.336 8.402790634823262 180
89.498 6.823751395760333 179
89.66 4.982168147033873 179
89.821 5.355823292592882 177
89.992 6.674710034164103 176
90.148 5.884499019715786 175
90.32 5.741271209510993 174
90.485 6.8019765967997365 173
90.653 5.086441234512248 173
90.817 4.187978694892745 172
90.989 5.306625730758727 170
91.167 4.510436164819456 170
91.333 4.007144837066284 169
91.493 3.938019070282672 169
91.657 5.1059746079935975 167
91.818 3.9648231302129986 166
91.975 4.518415477288286 165
92.132 4.74053467200803 164
92.292 5.694287521605862 163
92.462 6.713039342325314 161
92.622 5.829229929040738 161
92.783 5.459720339717336 160
92.95 5.358883079534398 159
93.153 7.045234320795498 157
93.316 5.937278847317148 156
93.488 6.971719372311182 155
93.649 7.687528667743791 154
93.822 7.065335707497196 154
93.996 4.875931360066675 153
94.156 3.9422136044708456 152
94.321 3.369281089140403 151
94.482 3.0206735023413542 150
94.644 3.756708044686148 149
94.822 4.257285984124482 148
95.01 6.48012336613169 146
95.166 6.0403452007937295 146
95.33 5.830968354557888 145
95.492 7.670916444472647 143
95.666 7.087551874380202 143
95.829 5.0001045012512435 142
95.989 5.589788815349083 141
96.142 4.995335874622112 141
96.31 2.7415856293156144 140
96.473 3.0104513177617696 139
96.634 2.958626258626695 138
96.796 2.931835581182753 137
96.957 3.90838371944289 136
97.115 3.586899597806157 136
97.273 3.3869245928416034 135
97.46 3.396278241633266 134
97.628 3.4795483263087155 133
97.792 3.372335132438323 132
97.971 3.3251825542958406 132
98.148 4.859329849010211 130
98.321 4.419588353739715 130
98.483 4.035924409633147 129
98.647 3.0998252970360443 129
98.806 3.3798519802192453 128
98.966 1.8786307247548224 127
99.122 2.3087055521426443 126
99.29 4.318714093540981 124
99.454 6.078452706384002 123
99.645 5.905898112376768 123
99.82 7.422815901852825 121
100.0 6.877307857873868 121
100.157 6.43080928991904 119
100.321 6.053429253590971 118
100.48 6.091998647441505 118
100.645 6.148382945122519 116
100.815 6.116849283243776 116
100.973 4.451158352213907 115
101.131 3.9285935682187834 114
101.288 4.755814526459256 113
101.453 2.824952381641137 113
101.613 3.1121719526916447 112
101.788 3.292536533754332 111
101.971 3.1877355791464534 110
102.13 2.9454031108628294 109
102.303 3.691730092150305 108
102.463 3.2927452951515077 108
102.635 4.495037172207577 106
102.797 5.010862943745595 105
102.962 4.317782124531104 105
103.127 3.923230302820313 104
103.286 6.22246730277021 102
103.453 4.547796432497345 102
103.636 3.8538257780290532 101
103.823 6.222263564289353 99
104.004 6.147847226327795 99
104.165 5.901398522727117 97
104.341 5.9582717340169165 97
104.515 7.476294596251072 95
104.977 6.553265096700658 94
105.253 15.893171282796068 90
105.568 17.849168619354742 89
106.18 26.26903931731845 86
106.54 31.29825015011768 84
106.979 39.69690285157343 81
107.157 31.64290370299383 81
107.464 34.18273101558625 78
107.773 28.319090857418587 77
108.053 25.240437343141892 75
108.213 15.86345516174298 75
108.428 14.952264461577116 74
108.591 9.237792678977463 73
108.774 7.1629100199624745 72
108.931 4.089447348408072 71
109.088 6.290101762384643 69
109.247 5.969049609552005 69
109.407 5.7287419140164015 68
109.575 5.866263217841103 67
109.746 5.8303050491998825 66
110.566 8.724436674778758 63
111.108 22.430721084927267 59
111.628 35.52699418140502 56
112.111 48.664803015623825 53
112.566 56.65777066029518 51
113.051 57.89806188887575 49
113.545 54.05001467872958 46
114.072 52.75316234080927 43
114.493 47.071157966039344 41
114.901 44.824721933058896 39
115.365 44.24815150702138 37
115.875 39.568509414108625 35
116.295 36.15935629323214 32
116.794 39.221476963625705 29
117.245 50.751223889735954 25
117.729 55.07958799394383 23
118.244 56.63800438741265 21
118.738 53.70300643426286 19
119.18 24362.96999101043 17
119.612 30084.51077895309 20
120.141 31517.297484443636 23
120.63 31948.75612835627 27
121.065 32089.482675909796 30
121.532 7843.867076316152 34
121.98 2136.0220653241113 36
122.448 710.9079294162862 38
122.947 290.564519699838 41
123.393 157.14798049000055 43
123.878 98.59357712064633 46
124.306 84.43212943483339 49
124.862 84.62885442907552 52
125.336 85.16611627737939 55
125.858 97.44769934298753 59
126.362 103.58039181844009 62
126.794 106.51180453458764 65
127.278 106.87625755805863 68
127.703 107.07516310326447 71
128.175 94.59904101928682 73
128.71 82.97877150089253 75
129.185 76.7820044835639 78
129.689 74.66878712912568 81
130.175 68.040441259062 83
130.661 70.22921498421073 86
131.173 70.7674925394702 88
131.676 66.47966577850532 90
132.159 63.972893397232404 93
132.637 68.2885935453314 96
133.142 70.7986161754192 99
133.564 76.74810061810487 102
134.043 79.9649637531118 104
134.529 77.04784024317352 106
135.036 81.40480397770133 110
135.473 83.71801127883998 113
135.968 85.22406112723357 116
136.474 97.28210079526374 120
136.906 96.3302087863551 121
137.346 84.85360497128214 123
137.752 73.38731375387616 125
138.217 68.12623282080659 128
138.664 49.46896348223643 129
139.15 57.33026300398282 133
139.648 60.468375877593054 135
140.119 61.906028519107146 137
140.589 57.89296179606246 139
141.048 65.49850799870703 142
141.532 58.34334870888823 144
142.007 66.74634243467897 148
142.431 65.79583797513713 149
142.893 69.72077954863047 152
143.36 65.95833305084756 154
143.848 69.64283863191496 157
144.245 55.98539117229586 158
144.636 60.08635975335158 161
145.092 62.34803350050113 164
145.506 69.37178095846981 167
145.918 73.37384677185545 170
146.37 79.38816067924927 172
146.85 88.09506399462805 176
147.264 92.7852670918339 179
147.684 84.42988038230195 180
148.176 85.35700785996474 184
148.647 90.96196253431009 187
149.118 87.43356895490808 190
149.531 80.12660176366127 192
150.009 82.16326305271254 194
150.419 84.13981094259026 198
150.833 84.71944688027783 201
151.34 79.57224750461833 203
151.834 82.43612533562764 206
152.345 83.10837988804958 208
152.806 76.3594441158959 211
153.256 73.29162644733763 214
153.747 67.98188761306358 215
154.211 65.49517491009783 218
154.717 69.68925371762944 221
155.18 78.63726364058168 225
155.594 77.18089438356017 227
156.096 86.60738153708624 230
156.597 91.2586344473275 233
157.007 99.10890289706263 237
157.484 90.51947455400833 239
157.964 82.65988307445406 240
158.462 69.78949187961331 241
158.962 24779.789023227273 241
159.405 30297.841936674486 240
159.8 48574.55751781978 98
160.313 49833.340176412195 238
160.694 49987.899197465624 232
161.168 25276.07454508314 229
161.553 19735.98659575758 228
162.105 1446.3921432991906 229
162.508 184.05042276536818 225
162.949 29.30902341452385 223
163.472 12.770118426611315 224
163.959 14.844989372081905 221
164.39 63.46610858108792 212
164.862 69.93828917548726 212
165.35 65.48119276038608 214
165.742 103.23399792269444 205
166.198 138.07972485117867 200
166.669 111.42111636692371 197
167.109 125.95287414887909 193
167.569 134.11941245753394 192
167.974 106.95243555811619 189
168.479 75.5454353939122 187
168.946 66.52140820624872 183
169.428 56.283426883000885 180
169.914 62.17081016374553 177
170.301 60.567661888816914 175
170.766 59.6568407099073 173
171.203 54.19485468423124 170
171.625 51.61988515372138 167
172.082 50.93551790389674 164
172.531 50.92035294874701 162
172.963 47.975268670822516 161
173.372 46.04156452716279 158
173.823 37.35926306751378 157
174.275 31.91510813103512 154
174.717 38.81495284373546 150
175.23 44.57641338765257 148
175.652 43.558903874017396 146
176.174 55.39590521069629 142
176.639 61.64259828500368 139
177.104 55.07772734015235 137
177.622 61.647334369962145 133
178.035 64.31820357025437 131
178.496 60.83138053309969 128
178.894 59.08127573880485 125
179.379 58.13121138329302 123
179.87 53.23898686019569 120
180.342 51.07374899966733 118
180.746 50.03288866620268 115
181.181 49.91035933609646 112
181.645 49.55139627051484 110
182.058 44.997518428963055 108
182.488 47.59052314556414 105
182.959 44.29434702325535 103
183.383 37.99275502052255 101
183.888 44.81553089308134 97
184.351 57.74906470902397 93
184.831 59.207460940587595 91
185.247 64.21590563453731 88
185.777 66.64821931646256 86
186.227 62.70776353976308 83
186.639 50.95307300404164 81
187.12 49.934352255554046 78
187.605 50.2376820194917 75
188.126 46.418887515291104 74
188.59 41.1308731232045 72
189.051 42.59711556259481 69
189.496 36.06989199733789 68
189.963 31.634612828495072 65
190.392 33.71624144009522 63
190.827 37.902596037756595 60
191.254 35.491847996677876 58
191.697 46.626842781697505 54
192.136 52.814605095983495 51
192.645 59.664655733160664 48
193.139 58.35084987891044 46
193.661 67.62523140618438 42
194.165 73.14593452079603 38
194.717 75.61195097900655 35
195.168 72.0486272480141 33
195.657 79.98709792872565 29
196.082 78.36785998276109 26
196.582 71.76200562328243 23
197.013 68.58032776963626 20
197.497 23973.81912711372 18
198.404 29384.809293864084 19
198.96 30735.07398666715 22
199.488 31106.001240653954 25
200.103 31226.08529471235 28
200.598 7381.416517596627 32
201.157 1984.5138798832486 34
201.7 643.7045027963679 37
202.216 273.990828338198 39
202.788 157.36150727288512 42
203.374 172.59863471940162 52
203.984 185.98817384619957 55
204.581 199.97381422180683 59
205.11 212.73127933625426 62
205.72 218.33560724475998 65
206.228 153.36333839294144 68
206.784 128.49667236321307 71
207.358 104.43643902170953 73
207.906 87.4450452727911 75
208.499 79.88353500947638 78
209.058 76.7821457904814 81
209.615 70.0015877765822 83
210.14 72.19112895654634 86
210.742 73.19754226122072 88
211.302 68.27353895139363 90
211.777 65.7570852824426 93
212.354 70.61889537398919 96
212.873 72.76047399771608 99
213.426 79.20771010841113 102
213.948 81.97649155085384 104
214.487 77.13964709650756 106
215.047 79.681037184856 110
215.631 80.4402410995641 113
216.186 81.07510053877921 116
216.782 94.55434494492145 120
217.371 95.13650824563649 121
217.878 85.43078113550816 123
218.446 76.06457624068403 125
219.031 71.08814485313677 128
219.614 51.84423813938686 129
220.156 59.113178825229355 133
220.629 62.512536590658065 135
221.16 63.694076301451005 137
221.758 59.551153136419074 139
222.335 66.56077043958675 142
222.885 59.89797047072547 144
223.412 67.04194946449951 148
223.998 65.75482660039492 149
224.526 70.14605044427127 152
225.429 66.98895679326036 154
226.334 76.17809880755362 158
227.252 75.49725708831726 161
228.017 85.40033797683438 164
228.696 90.49158831026236 167
229.186 98.3341305988602 170
229.625 90.79912689439855 172
230.301 92.9451314529593 176
230.857 93.2929437380549 179
231.35 82.77922399493883 180
231.846 82.6055524543539 184
232.34 87.86466080956941 187
232.803 84.85453634674892 190
233.431 77.97604422272443 192
234.055 79.5230092362748 194
234.832 81.24067967216429 198
235.991 125.95985603945078 206
236.699 135.30542307543806 208
237.617 144.663612233821 211
238.294 154.5261262670556 214
238.947 142.80908524079692 215
239.97 93.45787334303853 218
240.861 82.53380002569236 221
241.371 84.78954675207063 225
241.878 79.82703343323571 227
242.368 88.34517755394374 230
242.868 92.12466483121861 233
243.371 99.39765010411035 237
243.838 90.5959202275055 239
244.312 82.7303389561587 240
244.844 70.25578038759446 241
245.426 54.0484359405524 241
246.131 24677.113205531226 240
246.629 54956.30589323776 98
247.082 55249.55399986432 238
247.596 55262.00621549534 232
248.09 55260.58863332416 229
248.772 30613.198306290647 228
249.429 318.6409917532936 229
249.924 23.52296701860567 225
250.354 12.023933374785626 223
250.865 12.061781851764076 224
251.413 15.673185850741014 221
251.951 66.71782550811498 212
252.38 71.28729202104684 212
252.849 65.56711775938656 214
253.37 103.12497070310121 205
253.876 137.80620014961693 200
254.356 109.76756706530449 197
254.852 123.80403141257895 193
255.362 132.03738880763825 192
255.877 105.62005483964984 189
256.378 75.04889073007858 187
256.855 66.69464101225694 183
257.339 55.88695509599488 180
257.811 60.899680765574935 177
258.292 58.36951069055516 175
258.894 57.372493383708836 173
259.359 52.261568534705056 170
259.849 50.11604482077993 167
260.377 49.187107436130454 164
260.816 48.779199768024014 162
261.303 45.00917693945643 161
262.009 43.24282422702226 158
262.5 34.94766082318337 157
262.953 29.880964724301858 154
263.493 37.08213716764737 150
264.036 42.884641640808326 148
264.496 41.90327832418406 146
265.001 53.97486653021131 142
265.434 60.70913919135023 139
265.847 54.09557935115518 137
266.307 61.62739069715789 133
266.723 64.69155269230195 131
267.213 61.425640281705654 128
267.643 60.71573492268333 125
268.106 60.334194418464044 123
268.526 54.29058281568118 120
268.939 51.39582038895728 118
269.43 50.24182283358986 115
269.878 48.507839159334345 112
270.353 47.915963073679336 110
270.771 43.8064028868362 108
271.231 46.45879530555211 105
271.631 43.30012693580237 103
272.092 37.90186601606183 101
272.517 44.235642830601265 97
272.953 58.381044789490616 93
273.363 59.84710556193036 91
273.809 65.06060313733501 88
274.225 67.58145760244693 86
274.64 64.64208993557642 83
275.062 51.96512279841573 81
275.53 51.72156576975493 78
276.061 51.21569283550726 75
276.548 47.071917513969346 74
277.042 40.92897277577876 72
277.503 42.02008590875911 69
278.004 34.7492746206818 68
278.516 30.880331715362722 65
279.01 32.87128519046824 63
279.482 37.83209534799195 60
279.976 36.41025335659825 58
280.451 47.590454507736176 54
280.93 53.52134647577664 51
281.382 60.76097825844168 48
281.907 59.4522969201128 46
282.336 68.28732689126873 42
282.752 73.60902988037678 38
283.172 76.22429029514659 35
283.682 72.27637077890876 33
284.302 80.39618748128055 29
284.774 78.97984449625666 26
285.22 72.72074100546195 23
285.665 69.43670969683964 20
287.26 23793.013982585126 18
287.439 50396.31373713062 146
287.597 56298.376810367234 146
287.761 57661.040136393654 147
287.923 57983.12255037353 148
288.1 34339.16283978322 149
288.263 7747.77003409734 150
288.422 1842.6217822995775 151
288.577 471.5781134025487 152
288.733 139.79286367001598 153
288.891 51.49194105532103 153
289.054 24.59570622512382 154
289.214 15.162879057985412 155
289.372 12.06809679399844 156
289.527 11.13922067736178 157
289.7 10.978295889700881 157
289.855 13.533810561354706 159
290.014 14.623931910081778 160
290.173 15.080694618598553 161
290.337 14.724211896833934 162
290.5 16.3131370042767 163
290.657 12.728136928986808 163
290.82 11.176062557058641 164
290.979 10.525650673080351 165
291.144 13.34951708051227 167
291.306 12.44416304602617 167
