0.536 0.0 0
1.08 0.0 0
1.619 0.0 0
2.159 0.0 0
2.688 0.0 0
3.271 0.0 0
3.805 0.0 0
4.338 0.0 0
4.91 0.0 0
5.437 0.0 0
0.692 0.0 241
1.302 0.0 241
1.877 4.5 238
2.917 37.47596873665096 231
3.545 11593.87194624237 82
4.129 15405.659551276134 226
5.404 15872.468039978005 224
6.002 16392.60793819121 245
6.638 16670.193079136232 208
7.235 5349.407829601457 239
7.832 1955.4056414675294 202
8.418 2320.0108244406047 172
9.012 1961.0658989488766 169
9.61 1854.7781570989114 196
10.203 1654.9844831771532 180
10.791 1662.226889636393 154
11.401 913.6419164511692 152
12.005 795.9563154051181 147
12.593 613.8178467871451 144
13.187 599.0011658765342 140
13.771 183.72557201327774 138
14.36 111.69261038572336 135
14.954 220.90441146885368 119
15.543 208.39843120558567 130
16.143 305.4209407447916 113
16.738 301.02028881879056 122
17.343 291.8090831756924 119
17.949 135.97193874306168 118
18.602 142.13709356406216 113
19.172 32.50100998074858 111
19.759 33.369442744753705 109
20.354 41.094817706900635 106
20.932 50.33170542435619 103
21.516 41.45101924528119 101
22.111 38.79817619611467 99
22.729 37.900578715925775 97
23.355 42.19653330848475 93
23.948 39.357060550182666 91
24.541 38.467241743150076 89
25.124 156.07038195073565 106
25.712 152.47029876931742 102
26.311 141.52785262227536 99
26.903 141.1983015691212 96
27.486 145.02893460486305 93
28.072 37.68276046368563 89
28.677 49.00920942393175 86
29.279 63.77882140044561 82
29.878 69.85526776387978 79
30.459 72.20006794776396 76
31.057 67.93009192156545 73
31.664 66.42646030156247 70
32.34 65.76502031952222 66
32.975 65.54655661794648 63
33.573 70.8927262917251 59
34.15 72.73691915611585 56
34.724 78.84586797435973 52
35.296 75.67509891746266 49
35.867 74.58986715574832 46
36.449 74.11862697474965 42
37.101 73.9635267211076 39
37.708 73.897426871232 35
38.303 73.87578314026688 32
38.885 73.8681305177274 29
39.468 73.86475808589508 25
40.535 79.54223891809487 21
41.36 23757.792025730174 17
42.291 27371.068499150286 21
43.211 28034.331826374477 26
44.064 28211.392335241875 32
44.958 28256.68013113764 36
45.854 4613.175972672395 42
46.724 1025.1684535529212 47
47.809 376.2349024085163 51
48.776 220.0951805201073 57
49.997 208.25200920586275 64
51.042 214.47380386441554 71
51.964 207.9057420889662 75
52.973 221.82162302866698 81
54.458 227.58014621788894 87
55.346 230.0440907314134 94
56.701 211.18607675644859 99
57.684 208.37984918962286 88
58.565 168.56396335982828 92
59.311 127.75212168434534 94
60.237 84.77974470255818 98
61.221 62.06748113596258 102
62.2 51.6474573265159 106
63.151 65.05456464168321 109
64.038 79.97727689684227 113
64.913 94.07879157863435 118
65.718 96.96922603530678 109
66.625 79.27536944498611 113
67.565 257.5939567744275 132
68.578 315.5441209155827 137
69.518 326.3225542191658 141
70.436 340.09342545900995 146
71.252 389.32115561503866 153
72.116 1027.2453712821375 190
73.083 981.9020491016257 167
74.034 949.7708104165224 173
74.983 1401.3454007638156 203
75.907 1653.7089798410216 216
76.817 18839.644211458482 216
77.922 22318.36720737702 203
78.975 24376.730052844487 170
79.939 24254.67662951101 167
81.439 24265.441933735277 152
83.048 6366.859428115364 146
84.439 2951.779287484874 138
86.101 974.6496396155206 130
88.098 694.5591247288722 122
89.639 476.14683337752035 113
90.487 432.2801168622846 106
91.456 383.57334046799207 101
92.389 319.0387821083859 98
93.317 263.66315026572346 93
94.202 185.03569813188935 90
95.112 130.184715538746 86
96.171 153.29293018682006 100
96.983 131.88830418481757 96
97.728 111.65243609191103 92
98.548 115.71716082490843 87
99.48 124.17618333114547 82
100.428 85.77041214956583 77
101.287 116.8553599704368 72
102.183 140.93544294079555 67
103.126 151.88722287320755 62
104.132 156.24497474801254 57
105.045 166.378993685726 51
105.956 178.8911312779641 45
106.879 175.35261241230265 41
107.835 182.29601893938494 35
109.086 184.80668669283523 30
109.994 206.01980592462547 22
110.936 18186.987302778747 18
112.338 20955.92232829049 22
113.442 21491.433925828682 28
114.501 21630.800697322768 34
115.591 21666.620837729573 41
116.525 3757.518256062997 51
117.727 1028.642196784731 57
118.801 518.9084007981253 64
119.814 408.3612882293531 71
120.802 344.6086075321326 75
121.743 270.0574588066324 81
122.718 245.9403207757412 87
123.668 236.6050458419856 94
124.613 213.24999399336042 99
125.575 209.1946694409581 88
126.556 168.86461254146792 92
127.496 127.85401988280658 94
128.422 84.79874549716234 98
129.357 62.0602629779292 102
130.262 51.64874952530744 106
131.279 65.05540508467331 109
132.129 79.97775251589657 113
133.013 94.07899002612949 118
133.839 96.96929936769929 109
134.838 79.27539384523571 113
135.985 257.5939658940869 132
137.008 315.54412353440654 137
138.04 326.3225538878166 141
139.07 340.0934261044553 146
140.117 389.32115617024976 153
141.099 1027.2453714250737 190
142.049 981.9020491461498 167
143.076 949.7708104356279 173
144.143 1401.345400774096 203
145.181 1653.7089798472266 216
146.17 865.5284062490342 216
147.194 19765.36486840432 203
148.184 25330.88886790928 170
149.247 25742.609805640506 167
150.232 25913.72961243803 152
151.151 26024.403739993042 146
152.098 7199.482831043355 138
152.971 1719.1407296469138 130
153.958 906.712777809415 122
154.887 528.518215225334 113
155.799 449.69823740225144 106
156.657 389.77360554406306 101
157.633 321.30440636756543 98
158.647 264.4978041585818 93
159.669 185.2998430338449 90
160.881 130.26197799358943 86
161.895 153.31486488777412 100
162.889 131.89617355771782 96
163.889 111.65437398788204 92
164.847 115.71739021202497 87
165.82 124.17573443804099 82
166.819 85.77045087531435 77
168.033 116.85540520986613 72
169.382 270.3655394269634 57
170.997 330.14335088053167 51
172.019 360.33564190584383 45
173.021 362.2398460340826 41
174.086 371.4383453406204 35
175.214 245.31926733655845 30
176.203 226.5505919815676 22
178.666 15808.067761662209 18
179.263 26280.070845359645 97
