0.548 0.0 242
1.125 0.5 241
1.686 3.3295433679281863 239
2.261 15.280570720208875 235
2.85 22.589915823681782 233
3.422 37.30871761530454 229
4.007 49.42388040474392 226
4.59 63.83943136716633 222
5.143 77.73432955381472 217
5.717 86.56017871458354 214
6.283 97.17481871871038 209
6.85 100.54347443116615 206
7.409 96.34476600600833 203
7.994 78.12168842720294 201
8.556 76.86954638189995 197
9.138 76.27625511917128 192
9.706 89.34545499179032 187
10.289 93.36447752923715 184
10.903 99.14885174675005 181
11.51 96.42186042522239 178
12.179 95.0638305671318 173
12.875 87.46031032824914 169
13.952 91.1451484237897 165
15.458 131.8382279705832 157
16.073 168.47355349229366 151
16.691 174.60714579600022 147
17.321 184.08440941720337 142
17.899 180.9307151867617 139
18.692 146.124295290046 135
19.35 124.09577047940076 130
20.075 117.21197546405206 126
20.731 114.4739673704839 121
21.368 113.69489434882296 118
22.023 113.38851026022446 114
22.64 106.4559354001218 110
23.289 103.97322433151103 106
23.968 96.05323903273057 102
24.575 99.5491974868339 98
25.239 100.89180518397963 94
25.85 101.39784022229443 90
26.469 108.4651473676165 85
27.083 110.98345309703198 81
27.729 118.9232586109118 76
28.313 121.73196538800481 72
29.009 137.83097844125706 66
29.67 136.4110202535735 62
30.405 129.74459232938318 59
31.121 126.81799297123447 54
31.682 125.81462280388058 50
32.355 104.39902954945254 47
32.973 103.40822688925981 42
33.6 97.98847440214591 40
34.212 83.82414760125215 37
34.89 73.02555844215216 34
35.506 74.68350357873535 30
36.141 68.80979027580273 26
36.716 77.91804197759797 22
37.303 81.0501335302212 19
37.892 24491.629985251315 15
38.502 28121.780830197196 18
39.09 28675.514112033892 20
39.664 28810.908376420837 25
40.23 28842.397433606504 28
40.792 4449.116932064655 32
41.358 819.234479021643 35
42.511 298.2900900442581 43
43.079 191.0298104367497 49
43.64 167.36447079723206 52
44.208 166.70240683251114 57
44.779 166.51193916298578 60
45.996 156.72919167825077 67
46.588 129.36049867458857 70
47.162 121.777882518035 73
47.734 106.35545745805594 76
48.754 128.92160073441244 83
49.326 113.67591952441671 87
49.904 109.48501489191725 90
50.49 103.49574313785766 92
51.082 106.298074260065 96
51.692 85.37547247129629 100
52.273 72.52616640200625 103
52.91 80.37647175710684 108
53.476 87.48647304785125 111
54.05 90.65452620866405 115
54.604 91.90762685691853 119
55.218 104.98416759093202 124
55.834 97.20016608662004 127
56.46 94.74663031908727 130
57.071 88.30781301776855 133
57.664 80.33415052159035 136
58.258 70.24584786647415 140
58.851 72.7890378603399 144
59.43 79.41872732437264 148
60.139 81.6372170184312 151
60.824 94.41736466690473 156
61.437 106.52502981804179 161
62.004 110.90142362355024 165
62.62 106.46495264464095 168
63.313 105.01044268081283 171
63.98 97.89765554738017 175
64.55 77.76217395578878 177
65.119 60.74568334501172 179
65.757 59.54912154013272 183
66.389 54.64974832175192 185
67.044 47.36834749095862 188
67.656 54.65518547906952 192
68.302 73.6147867668 197
68.894 75.39305105125307 200
69.501 86.09716286721805 204
70.074 89.957425370914 207
70.665 86.20572997702081 210
71.248 72.66513384191502 213
71.837 68.25151145592076 216
72.426 72.67267908617592 221
73.029 74.05397794459496 224
73.611 80.09479377673829 228
74.185 87.92030841159425 232
74.778 90.58356333948221 235
75.367 75.46606384727627 237
75.927 66.24049221217638 239
76.523 53.30670845953627 241
77.113 34.4663300701282 241
77.726 25454.656102170895 240
78.373 29326.952291473965 236
78.982 29999.68601609569 232
79.761 30134.323003077883 229
80.418 30186.003629307255 225
81.034 4782.149812192174 221
81.68 925.80719991784 217
82.355 275.7083476858668 212
83.141 152.59435603617266 209
83.777 125.87610684855728 204
84.465 117.58494054636053 200
85.135 114.72582957284209 196
85.802 100.69453297868614 193
86.441 96.32886743213723 190
87.039 87.84925552105847 186
87.605 79.04199212103981 183
88.229 75.60321430574885 179
88.85 86.93159432381623 174
89.464 96.70202126303022 170
90.079 100.54908655261102 166
90.655 101.77986690824571 163
91.253 92.25421904338214 161
91.837 81.36331315602324 157
92.414 71.7433377088687 154
93.02 62.57866905263121 151
93.633 71.14388253585639 146
94.251 91.50741277491367 141
94.869 99.5907009242187 137
95.575 108.2232545164016 133
96.337 123.9664962497674 128
96.918 123.64559270980659 124
97.506 116.48746037526863 120
98.119 113.97467553032305 116
98.711 107.16089970581169 113
99.297 97.57277812011169 109
99.936 83.62984750250746 107
100.655 77.91594190506093 103
101.328 75.71386630364138 99
102.084 80.78144174539528 95
102.743 72.1080313567709 93
103.727 85.0033754132893 88
104.402 97.3054535611214 83
105.103 101.827816795096 79
105.734 110.53451917944281 74
106.331 117.99349057203565 71
106.916 109.44138976711785 68
107.504 89.26845473607423 66
108.067 76.21875550880142 63
108.666 58.75013585267488 60
109.237 58.355922535369096 56
109.799 63.8645861368406 52
110.372 75.93563772533945 48
110.943 86.10227577149703 44
111.557 89.61985334106211 41
112.132 91.15495012967168 37
112.695 86.0210402687546 34
113.269 74.05581454372971 32
113.972 68.90773702891538 28
114.536 67.21759956009117 25
115.113 66.49819973595149 21
115.731 71.9549192100843 17
116.405 24416.450077708607 17
117.012 28038.26775570258 20
117.674 28666.34351319966 24
118.314 28799.531062371538 28
118.988 28835.150542539464 32
119.603 4500.26641220605 34
120.268 876.9926019104283 37
120.867 260.28765584367443 42
121.469 138.59928913567558 47
122.215 107.12542080353765 51
122.925 111.12855306307867 55
123.547 125.28596018263391 60
124.327 117.88104272404581 63
125.007 114.67995354913417 68
125.644 107.42016486395349 71
126.236 99.06501829541115 74
126.798 79.01241482272479 76
127.409 77.22780188050616 80
128.002 64.31828064730136 83
128.567 60.15394504400897 86
129.164 64.00993475883918 90
129.848 75.4109313303887 94
130.414 80.37102119383601 98
131.08 77.15530855643189 100
131.667 81.063177872475 104
132.39 82.71672787586084 108
133.923 83.36057479882385 112
135.505 139.63769392987888 122
136.193 186.36666639384683 128
136.846 202.1864707540469 132
137.495 223.7922506500767 138
138.092 231.0748542536565 142
138.7 177.6494470768511 146
139.293 136.6553083661695 149
139.873 129.92265757650256 154
140.467 105.5877899662162 157
141.053 91.63223434347796 160
141.629 86.34647026166557 164
142.202 79.97573993433545 166
142.78 65.51222132281097 169
143.361 60.717271401624586 172
143.933 64.26590390297513 176
144.51 65.73456020594281 180
145.09 70.91179617501628 183
145.641 68.37892961598999 185
146.21 72.3445179413999 189
146.783 63.9698992835136 191
147.376 55.24820501198974 194
147.958 63.56557828661837 199
148.537 76.73984445923264 203
149.133 71.48648207978755 205
149.741 79.2610127501968 209
150.342 87.74228875514211 213
150.923 85.12419419052932 217
151.525 69.63678105751065 218
152.16 73.62509896252394 222
152.768 75.41035776572457 226
153.362 76.11745283420206 230
153.988 76.38685854949564 234
154.625 85.152660358637 237
155.243 89.37788799806084 241
155.858 74.14218971223153 241
156.473 24956.39064446057 240
