0.032 0.07057151507218946 93 speed: 154
0.189 0.2161858884951427 93 speed: 153
0.337 0.3703645626293106 92 speed: 141
0.477 0.9486613070472875 91 speed: 118
0.625 1.721848145655831 90 speed: 139
0.763 2.514825857622925 89 speed: 139
0.904 3.269043564349875 88 speed: 140
1.051 4.073124376312903 87 speed: 127
1.189 3.541595270131682 87 speed: 115
1.333 3.2339400035072234 86 speed: 120
1.492 2.374270914817434 86 speed: 132
1.639 3.1004281447654902 84 speed: 201
1.786 2.2550315441883853 84 speed: 118
1.931 2.8971021082560084 81 speed: 63
2.077 5.465692114432807 81 speed: 117
2.219 7.26770956195242 80 speed: 109
2.362 5.822004322148124 80 speed: 83
2.514 6.265947861372007 78 speed: 134
2.661 6.4158126892829745 78 speed: 114
2.806 4.336285409475117 77 speed: 120
2.963 2.5651583823932405 76 speed: 132
3.105 4.695961186690405 75 speed: 88
3.246 4.368063969972087 75 speed: 95
3.402 3.529370716243161 74 speed: 120
3.546 2.962007482993365 74 speed: 101
3.688 3.615276397861237 73 speed: 134
3.837 1.3686794717488961 72 speed: 56
3.984 3.291197711585087 71 speed: 136
4.437 3.4563926891412824 71 speed: 124
4.777 5.50817455384705 67 speed: 118
5.13 12.650668360347481 65 speed: 145
5.504 18.936589461296403 64 speed: 147
5.918 27.06013114928977 60 speed: 143
6.312 34.370721965169984 57 speed: 122
6.783 43.156147154444554 54 speed: 111
7.101 48.641544440510486 52 speed: 88
7.631 56.031203297646876 50 speed: 128
7.985 47.871121936592886 49 speed: 63
8.456 47.89020351880628 45 speed: 154
8.907 43.11131982622737 44 speed: 121
9.375 40.36382187705986 41 speed: 121
9.857 34.17648112790324 40 speed: 125
10.182 43.4865603581534 36 speed: 97
10.458 48.73326761887109 34 speed: 142
10.677 50.28460346802379 32 speed: 157
10.928 40.68982384948334 32 speed: 120
11.166 33.21894038122418 29 speed: 76
11.555 31.516856673513878 27 speed: 109
11.848 26.208564336108758 26 speed: 105
12.116 19.002703966999796 25 speed: 152
12.457 20.937791237942093 23 speed: 153
12.753 29.45394580862752 20 speed: 102
12.987 23.193319627239724 19 speed: 100
13.305 3319.293028047788 17 speed: 94
13.596 3911.129447054998 15 speed: 75
13.904 4000.949994546154 17 speed: 99
14.229 4026.2386937041483 18 speed: 101
14.462 4029.374170085956 18 speed: 68
14.82 734.425303519066 21 speed: 150
15.215 150.39424395857222 22 speed: 62
15.617 62.926895094114755 25 speed: 154
15.847 36.87332995308626 25 speed: 141
16.284 39.406426797817076 28 speed: 147
16.585 45.34528388734985 32 speed: 88
16.852 48.59167893833627 33 speed: 143
17.311 53.78038052069352 35 speed: 112
17.552 51.62636116006526 37 speed: 132
17.87 55.68873192116041 39 speed: 141
18.185 52.92501069339924 41 speed: 180
18.502 51.53284261657902 43 speed: 115
18.818 56.07857590964393 46 speed: 72
19.066 57.13160764260415 47 speed: 98
19.388 52.03418512193314 49 speed: 94
19.681 45.293969790305574 49 speed: 144
19.92 36.214073773004074 51 speed: 133
20.19 31.025292239919047 53 speed: 147
20.438 29.667863237808323 54 speed: 119
20.763 34.31086274016682 57 speed: 120
21.012 35.97158513019046 57 speed: 167
21.309 42.93624967875424 59 speed: 121
21.582 37.91597595816994 62 speed: 103
21.915 45.7073966381533 64 speed: 187
22.194 43.77776557677455 66 speed: 98
22.433 42.66851186321885 67 speed: 105
22.736 42.16985067537149 68 speed: 125
23.086 46.05692352507722 71 speed: 102
23.336 38.11583317166672 72 speed: 146
23.646 35.555899652225484 74 speed: 186
23.965 34.53901522786283 75 speed: 75
24.194 30.382656909875678 75 speed: 131
24.488 33.64693280702173 78 speed: 152
26.231 31.218842439126586 92 speed: 127
31.474 168.50319032899418 123 speed: 127
39.008 1057.3651425505275 161 speed: 79
42.02 3570.273360177538 186 speed: 97
42.311 4720.703849095354 187 speed: 131
42.619 4952.26083151064 188 speed: 87
43.619 4887.811717294052 193 speed: 98
45.073 4035.5076738049206 200 speed: 135
47.262 1591.0165256374332 215 speed: 128
49.737 676.8016446026827 229 speed: 139
51.393 768.0917695428668 241 speed: 156
52.176 26577.08332168733 242 speed: 130
52.729 30997.546259814982 238 speed: 118
53.516 31897.472297662254 235 speed: 87
54.148 31907.62252602787 231 speed: 145
54.826 31662.556919517134 228 speed: 107
55.617 5817.75298726542 223 speed: 139
56.608 1389.7596930518323 217 speed: 131
57.258 467.4343348371723 212 speed: 98
58.007 254.46292496579173 209 speed: 127
58.646 198.8427879761771 205 speed: 134
59.337 179.0690328238646 202 speed: 140
59.737 180.4048852926537 198 speed: 116
60.107 145.8946115203117 196 speed: 108
60.385 109.69524424785662 194 speed: 124
60.728 92.31323790998148 192 speed: 66
61.057 73.12832373505849 190 speed: 140
61.447 44.47128274905448 189 speed: 87
61.807 31.984940908082148 186 speed: 121
62.179 31.109664880367966 186 speed: 121
62.552 29.975508792108112 184 speed: 155
63.018 26.419559167196596 180 speed: 120
63.29 33.77877994743622 177 speed: 113
63.595 39.832880134580854 176 speed: 110
64.025 43.8573960801793 173 speed: 76
64.337 42.10257445768001 172 speed: 63
64.739 49.330466925336765 170 speed: 82
65.08 37.126793656749996 170 speed: 83
65.341 28.46637326160571 168 speed: 113
65.666 21.644176214689974 167 speed: 106
65.983 19.439794124072705 165 speed: 120
66.287 11.094556176415525 164 speed: 105
66.708 13.496886186153528 163 speed: 104
67.099 18.00482215036095 160 speed: 158
67.492 22.24227869704011 158 speed: 104
67.861 32.84826832269875 155 speed: 48
68.168 35.734030558730545 153 speed: 113
68.728 37.31869436199815 152 speed: 96
69.131 38.626265211245894 150 speed: 82
69.69 29.65106948341208 147 speed: 102
70.128 28.100474649307476 144 speed: 85
70.535 31.681293529174184 143 speed: 103
70.834 33.50042007416691 142 speed: 61
71.24 33.85093325963025 140 speed: 130
71.528 35.68043868044346 138 speed: 148
71.788 25.580867781569005 138 speed: 158
72.077 21.153037095097368 135 speed: 105
72.408 18.690463177615392 133 speed: 128
72.735 17.72425047268937 130 speed: 123
72.963 20.862656308119654 130 speed: 103
73.369 25.43554765784364 128 speed: 85
73.679 27.46589557081986 126 speed: 138
74.044 25.088567594133185 125 speed: 152
74.404 24.408261601593708 123 speed: 55
74.92 19.195961046449742 123 speed: 125
75.239 24.375988877148647 119 speed: 76
75.563 26.34508190412983 117 speed: 135
75.908 27.394984765520682 115 speed: 65
76.249 27.116145652946823 113 speed: 170
76.605 31.53576595985158 111 speed: 150
76.908 25.835709151707444 109 speed: 106
77.176 20.730574260702156 107 speed: 105
77.585 25.579330563439456 105 speed: 109
77.858 28.260304604611065 103 speed: 91
78.11 26.44805117721676 102 speed: 91
78.442 23.186590936387603 101 speed: 25
78.812 24.322349424944647 100 speed: 173
79.108 17.933354052464175 99 speed: 136
79.414 11.054419842413596 97 speed: 122
79.762 13.68331922811641 96 speed: 90
80.062 21.456917163842718 92 speed: 136
80.325 21.514816847801086 92 speed: 110
80.631 24.60556842235291 90 speed: 104
81.049 26.505582164219142 89 speed: 181
81.329 24.881781291610682 86 speed: 100
81.667 23.986869687695 83 speed: 130
81.932 27.63741039037968 82 speed: 82
82.183 23.537591767865077 80 speed: 122
82.455 24.75162494368066 79 speed: 108
82.776 25.33562743563865 77 speed: 111
83.057 21.414149966402114 76 speed: 132
83.559 19.575937970249335 74 speed: 111
83.897 24.53237513447619 72 speed: 100
84.185 24.186714148834092 70 speed: 64
84.619 27.849701954459277 68 speed: 128
84.972 23.615019509388205 68 speed: 141
85.292 21.32525521891924 65 speed: 111
85.555 17.474292870562383 63 speed: 88
85.901 22.403350526069516 61 speed: 107
86.204 20.40888679408426 60 speed: 148
86.464 20.0641001551604 60 speed: 165
86.793 23.237354533518072 56 speed: 102
87.182 24.327336097055706 53 speed: 66
87.465 25.16088463331842 52 speed: 107
87.952 26.03869146295727 51 speed: 85
88.308 31.683344214374102 49 speed: 131
88.64 27.820194228862746 47 speed: 139
88.958 29.313476486397903 45 speed: 78
89.571 35.69624858532813 42 speed: 120
89.928 33.55875311652421 41 speed: 103
90.247 32.593985839759796 39 speed: 142
90.698 35.682304570954784 36 speed: 103
90.974 33.54534497361081 34 speed: 141
91.295 26.44513241496626 32 speed: 132
91.605 24.065479815569514 32 speed: 199
91.911 26.775546061648132 28 speed: 148
92.214 27.614282239323188 25 speed: 134
92.503 36.026851817684324 24 speed: 100
92.835 35.85963560404462 22 speed: 111
93.122 36.37980652515073 20 speed: 103
93.464 32.955176485310794 18 speed: 123
93.816 31048.62115567904 17 speed: 202
94.612 36582.35438046385 21 speed: 149
94.983 37836.04848039919 22 speed: 97
95.368 38114.14441335543 26 speed: 127
96.011 38188.58061178406 30 speed: 135
96.299 7216.592509345619 32 speed: 92
96.708 1702.3098427605837 34 speed: 77
97.026 451.16072048709844 35 speed: 58
97.28 185.0667792456625 37 speed: 94
97.513 109.55768800668444 38 speed: 133
97.878 62.34912727678234 39 speed: 86
98.112 38.50029497335878 40 speed: 128
98.305 29.65121374284807 41 speed: 86
98.658 36.148849869368284 49 speed: 99
99.029 81.0069025380912 56 speed: 126
99.38 128.88781245855884 56 speed: 131
99.893 264.90012520078426 70 speed: 103
100.291 380.16141271652475 77 speed: 120
100.75 450.0187604417391 154 speed: 142
101.288 8249.38252505078 188 speed: 112
101.731 9865.429919070275 196 speed: 188
102.086 10731.43138885882 242 speed: 134
102.383 29765.94405994968 232 speed: 145
102.765 34468.322573088175 223 speed: 123
103.137 28230.866585738033 214 speed: 109
103.489 27026.543378628194 204 speed: 102
103.923 26328.802053305822 197 speed: 111
104.197 7320.015237651582 191 speed: 156
104.505 2600.967871732129 181 speed: 207
104.962 1071.1103212800044 174 speed: 147
105.223 664.5786546438187 174 speed: 158
105.585 391.9416081435423 166 speed: 98
105.971 280.46555700862876 158 speed: 127
106.35 363.0243501805658 150 speed: 84
106.626 381.13972449176265 147 speed: 80
106.981 365.6918737851643 144 speed: 115
107.366 369.5828277261444 139 speed: 109
107.955 467.3681193853786 125 speed: 80
108.479 410.1207414534781 117 speed: 200
108.976 418.2531400674816 113 speed: 151
109.257 458.4832871105559 103 speed: 79
109.489 475.504149589379 102 speed: 51
109.821 368.085710126781 100 speed: 121
110.092 292.1269913309352 91 speed: 120
110.344 219.77488737948823 90 speed: 116
110.62 178.4253248577642 82 speed: 95
110.847 171.9582886460583 80 speed: 103
111.163 171.00742382344376 74 speed: 75
111.464 169.75190888755478 69 speed: 170
111.782 170.0143229513094 65 speed: 71
112.129 191.66055010397866 59 speed: 134
112.469 188.4587219150386 57 speed: 147
112.761 194.50955002306407 50 speed: 119
113.098 216.94370227880276 45 speed: 118
113.526 217.13783287435288 44 speed: 75
113.848 194.52396226456162 39 speed: 150
114.2 195.88444532925274 28 speed: 159
114.529 227.096963033616 27 speed: 106
131.717 209.73175957543495 0 speed: 169
132.776 622.1355385826802 82 speed: 110
133.314 3865.284585354575 88 speed: 80
133.655 26568.619005893735 90 speed: 95
134.057 30780.95169035476 0 speed: 117
134.445 32678.51425968176 93 speed: 127
134.618 35328.88977812059 0 speed: 74
134.98 34585.13583339202 0 speed: 112
135.316 12270.184964573355 99 speed: 159
135.622 8073.3186955275905 100 speed: 162
135.779 12084.31455566141 101 speed: 157
136.131 10054.930727207828 103 speed: 129
136.345 7759.260204559048 0 speed: 119
136.665 12968.651097737471 107 speed: 154
136.885 13883.863373775897 108 speed: 133
137.152 8117.555556977279 0 speed: 114
137.412 7077.606232338386 112 speed: 110
137.812 14421.74374839936 113 speed: 116
138.093 10316.670870141801 116 speed: 118
138.35 9666.806823348603 0 speed: 149
138.695 16752.407493908533 119 speed: 109
138.992 20306.421232764435 120 speed: 137
139.308 13450.846459206254 123 speed: 132
139.506 12061.446619689379 0 speed: 131
139.914 20255.064742104863 0 speed: 174
140.16 16900.31227552634 0 speed: 175
140.344 18881.802249631044 0 speed: 101
140.665 19123.2231621527 132 speed: 144
140.858 27612.41719216172 0 speed: 148
141.053 23503.854917242188 0 speed: 102
141.233 20376.76034343413 0 speed: 117
141.678 14945.269007267652 0 speed: 131
142.052 25371.987886958632 140 speed: 109
142.37 18840.447277165153 142 speed: 102
142.541 14833.927572460712 143 speed: 155
142.714 14186.50193039729 145 speed: 154
143.048 14079.138541958848 146 speed: 143
143.241 2690.5049925212993 147 speed: 186
143.491 583.9891068331691 149 speed: 67
143.828 174.3461649158896 151 speed: 100
144.087 76.6675359136898 154 speed: 152
144.253 62.47330516376722 0 speed: 118
144.453 14862.365714177527 0 speed: 170
144.618 17464.748819213426 0 speed: 123
144.761 28375.291850975045 158 speed: 148
144.904 34976.39939860997 0 speed: 177
145.058 43661.83205320271 0 speed: 127
145.204 30473.382319440647 161 speed: 109
145.335 28189.078906883788 162 speed: 126
145.467 31940.186451743895 0 speed: 143
145.8 27891.78276812984 165 speed: 128
146.006 31324.542727394342 166 speed: 127
146.16 36889.21927422466 0 speed: 87
146.333 37826.865895435876 0 speed: 122
146.54 37497.81655245069 0 speed: 120
148.506 41946.566396884955 176 speed: 120
