160.139 32101.35851739076 239
160.308 7126.261922656842 239
160.482 1985.091360718292 214
160.644 773.2196310349084 236
160.804 505.43912891865114 235
160.968 437.0059216500135 234
161.131 694.3134024648697 210
161.295 416.44827367149026 207
161.457 548.1233923674517 232
161.621 566.0273415324358 230
161.782 776.3345971295181 206
161.947 570.1183626066397 204
162.11 676.2789841589833 229
162.27 529.1403664190135 227
162.431 508.3548443664272 226
162.591 549.4969234681471 202
162.753 560.6718405082222 200
162.91 514.058310756244 223
163.073 512.6534954550245 222
163.234 512.2295863361397 221
163.4 260.39848711664627 220
163.557 456.81375188350944 196
163.717 373.1487597203863 195
163.876 364.7262938688702 194
164.033 371.9477669767226 192
164.204 592.9685506912459 215
164.36 417.4639596869307 191
164.525 375.0761888917574 190
164.686 549.9594401180861 213
164.858 575.1652719245792 212
165.023 510.29767900933126 190
165.18 463.563585435681 188
165.335 464.19841349105025 185
165.495 278.591144375456 184
165.653 243.90634004509116 184
165.814 90.70110315478667 182
165.973 42.48848661502659 181
166.132 16.541765186205588 180
166.297 8.007844506727984 180
166.456 6.572626772885655 180
166.617 4.743237171141532 178
166.777 3.092678854130045 178
166.935 3.642805150491347 176
167.107 3.7663410646857693 176
167.263 4.411814930733815 175
167.43 4.0215098572690415 174
167.586 3.9325552877918306 174
167.755 1.895623817401667 174
167.926 5.232612538618236 171
168.095 5.137534027919395 171
168.255 5.084522251176239 170
168.416 5.869451757681488 169
168.577 8.647772771662332 167
168.741 5.3198571534012835 167
168.899 5.394419683386815 166
169.064 5.294117088559216 165
169.238 5.366154041859172 164
169.397 3.6336573581359426 163
169.564 3.402801393596262 163
169.726 4.5610491738410195 161
169.886 4.051650763941929 161
170.049 3.692259465391042 160
170.214 3.3581303791252233 159
170.393 4.093901665737971 158
170.568 3.115931198669945 157
170.731 3.093802406406676 158
170.893 5.737173030562831 155
171.05 6.813318025512391 154
171.208 6.232586809194198 154
171.377 5.979640286004058 153
171.533 5.814124061669863 153
171.692 2.939970294507815 152
171.851 1.7237834372708982 151
172.013 177.76180471423757 170
172.208 249.17740986326416 149
172.368 342.7565979173432 168
172.542 359.0081066165608 167
172.704 502.9849984726577 147
172.883 374.0290837301647 145
173.064 410.2895151053963 164
173.235 425.48616369096567 142
173.395 431.35133155975075 142
173.589 402.0754239198274 160
173.772 375.9518315034621 159
173.96 270.4755520824701 158
174.119 161.91642913872184 156
174.284 140.15982571260943 155
174.443 24.93585801161489 155
174.601 4.139030167284566 154
174.796 2.0220366717968266 153
174.956 2.6165812133354396 152
175.117 2.818333366708627 151
175.277 3.801251511054195 150
175.434 4.3497198849296375 149
175.59 3.8223053594035683 149
175.754 3.415428417117289 148
175.916 3.227766292415784 147
176.072 2.894748886182432 146
176.234 2.7918895453424017 145
176.394 5.21784265232974 143
176.568 5.141967772781164 143
176.725 6.596723128305339 141
176.9 6.1517167922697995 141
177.06 7.571726670038084 139
177.216 6.721697373302336 138
177.38 6.56641179676195 138
177.555 4.8867326697674836 137
177.724 5.441611403285001 136
177.885 4.0177606484734625 135
178.06 3.2661184583786715 134
178.218 4.081671442114274 133
178.374 3.6767297858207453 133
178.535 4.677339587299018 131
178.694 5.0094684048479845 130
178.861 4.189145449517157 130
179.024 5.244941342179993 128
179.186 5.370282778083993 128
179.344 4.184454303545432 127
179.51 5.417428464838503 125
179.669 5.604658942119201 125
179.845 5.665501989966732 123
180.027 5.723671831934965 123
180.2 6.950626646211305 121
180.366 128.6237199292649 106
180.544 170.18146861808 104
180.703 217.7182813101466 118
180.865 224.95952690647778 117
181.04 223.80647075959257 116
181.223 173.24507041955997 103
181.385 141.71155414735654 113
181.553 95.04051731432007 113
181.712 87.64774826930713 112
181.87 87.07786095546086 111
182.027 13.997933592043742 110
182.189 4.3952889396440105 109
182.348 2.2945265590950057 108
182.513 3.156141973052218 107
182.678 3.935647628317697 106
182.838 4.440553402332486 105
182.993 6.375962080143 103
183.15 5.7520645875496 103
183.336 6.867207398784743 101
183.494 7.411129893921339 100
183.658 7.672619264935268 99
183.821 6.081391717970529 98
183.978 6.874746904882922 97
184.139 4.892942075693782 97
184.307 3.98468233766997 96
184.467 3.4538526019739955 95
184.627 3.194592842951205 94
184.806 3.0892882955350274 93
184.964 4.045939586401438 92
185.147 4.510679709298978 91
185.412 4.984566882177974 90
185.783 5.3133385678773255 89
185.994 5.498866981641692 88
186.22 5.340109524582169 87
186.463 5.277663862404761 86
186.701 6.950907732462674 84
186.913 10.095627668320141 82
187.17 11.137439242134205 81
187.433 11.743540146619173 80
187.69 14.092581641786236 78
187.941 13.215328032032662 77
188.211 12.390970771505092 75
188.451 10.657939318506441 75
188.723 11.507062424728993 73
188.926 12.129734532418372 71
189.195 12.36013503776161 70
189.581 12.4674382287677 68
189.819 14.08458501880353 67
190.087 15.478838085514859 65
190.369 13.917762037618601 64
190.767 15.739240091736875 62
190.977 14.127066065888178 61
191.162 13.34370551424316 60
191.375 12.536287602254102 58
191.598 11.793786239143653 57
191.796 9.037534647539248 56
192.114 10.090313643966049 54
192.311 12.765888647948211 52
192.494 12.003938428249612 51
192.671 14.12356597533846 49
192.925 14.679930604379443 48
193.143 12.809277201425507 47
193.391 14.928038972655713 44
193.573 15.813066222748184 43
193.755 13.643780145016242 42
193.938 12.007147426848462 42
194.122 15.233198228028169 39
194.279 9.930532732964181 39
194.442 7.655163594215886 38
194.601 7.03507587621574 37
194.756 7.737927797064542 36
194.913 4.342883244774958 35
195.076 4.453516114237879 34
195.249 4.756278861197147 33
195.415 4.8357367360005625 32
195.604 4.086244333658151 32
195.784 5.006557997939702 30
195.987 7.7041441851224555 28
196.244 7.074277897135115 28
196.442 8.419502810469066 26
196.603 9.848083584762229 25
196.767 9.289550679439444 24
196.935 6.801260790577325 23
197.09 7.306976229291483 22
197.248 5.842881675110032 21
197.412 7.04885790616184 19
197.58 6.078428446158489 19
197.737 5.6419735794212915 18
197.905 24812.349281452294 17
198.063 30220.61947767054 16
198.225 31431.203063375677 16
198.385 31729.56465314136 17
198.542 31809.776504869766 18
198.699 7020.978378590631 18
198.854 1620.0980679566708 19
199.019 411.8455203566837 20
199.175 116.83635243657862 21
199.345 38.988667523513385 22
199.507 23.015281950641203 23
199.666 17.379418892363816 24
199.839 15.14080327730589 25
200.022 12.432830174779332 25
200.182 13.785565639886222 27
200.34 14.34092317392838 28
200.507 14.50816922012903 29
200.671 14.67765060368253 30
200.834 19.595692115614945 32
201.005 17.049010473430904 32
201.164 15.985193264496043 33
201.323 15.920420621566471 34
201.489 14.038107359248169 34
201.649 12.390313745072554 36
201.808 16.976312812902723 38
201.977 16.454349172262887 38
202.137 16.031284229466394 39
202.305 17.248947284114692 40
202.493 15.695314807125266 41
202.664 12.177613460844222 42
202.828 13.14454085434932 43
202.998 13.802445838826188 44
203.157 14.344531344484896 45
203.319 14.28512908016705 46
203.48 14.240837658030282 47
203.646 14.276458825710607 48
203.811 14.210002961753425 49
203.984 14.143432703033454 50
204.162 14.44232486736173 51
204.325 14.235002111384677 52
204.488 13.888731483208865 53
204.649 11.908530470843276 53
204.814 10.80721268619334 54
204.989 12.533560373882278 56
205.15 13.681064710316841 57
205.314 12.225418439219208 57
205.473 15.64826689232602 59
205.631 15.443495781219987 59
205.8 12.90582595611798 60
205.957 14.443054372358176 62
206.116 15.117508274649898 62
206.271 15.483157037347393 64
206.428 17.475175518076302 65
206.594 16.543998023234817 65
206.756 13.0275638661563 66
206.914 13.76105277503175 67
207.071 11.608874149785771 68
207.232 10.629651801328025 69
207.394 10.299563010219892 69
207.566 10.23409319482991 70
207.741 12.52738683087992 72
207.902 13.560192197106778 73
208.068 12.214633838362335 73
208.226 13.287211337988817 74
208.384 13.834431607978832 75
208.544 9.805420706418559 75
208.702 7.8606951865925545 76
208.862 8.846214826179837 77
209.032 9.361007532621793 78
209.211 9.677721934151432 79
209.387 11.50875351306429 80
209.546 12.89019427422468 81
209.704 11.764212162864476 81
209.86 13.502323074724284 83
210.019 12.085023182346944 83
210.179 11.487749846923013 84
210.335 10.802760486629964 85
210.495 12.434334638402985 86
210.656 10.823905890402592 87
210.813 12.127216365137535 88
210.982 12.704650976150184 89
211.152 11.318694763062298 89
211.311 10.464007825293493 90
211.486 10.156890424155998 91
211.656 10.374407669271243 92
211.817 10.771890266279174 93
211.989 12.81752689789865 94
212.162 16.850043869898755 96
212.32 18.541422461875435 97
212.502 18.83135508767297 98
212.663 18.772367049078856 99
212.824 16.699199266425527 99
212.982 12.781651851291656 100
213.142 11.472054495272621 101
213.335 11.296299635579299 102
213.501 14.096984484991424 104
213.662 14.96772539246816 104
213.832 18.225432250992412 106
213.995 17.118360067766336 106
214.154 18.830731712215112 108
214.34 16.52181333219321 109
214.5 17.706826396264837 110
214.673 13.493768705666335 110
214.85 13.62013248950033 111
215.009 11.497403352052125 112
215.181 65.62732244158003 100
215.347 106.59025253114802 114
215.507 140.25591347711645 101
215.672 139.88051556944535 103
215.835 137.56099857719096 104
215.993 199.08135518975604 119
216.155 182.6943557190737 119
216.385 159.54092979306444 120
216.548 163.849999628569 121
216.707 215.85363091697653 109
216.88 111.6746033707712 108
217.072 85.00578402261229 109
217.262 73.68469258652554 110
217.437 202.7005102961906 126
217.61 191.5718268291282 127
217.785 186.6702080788761 127
217.944 195.03801770194963 129
218.107 197.644302284931 129
218.274 63.87619837977591 129
218.433 27.51271474975289 131
218.601 21.181852181032113 132
218.785 15.033315561209207 133
218.939 15.263219594443159 134
219.121 17.287184324767207 135
219.284 15.525484184830908 136
219.445 14.940567194296928 137
219.638 14.592449881230216 138
219.829 14.659159702486544 139
220.006 14.55656703622998 140
220.174 17.44593828471989 142
220.36 16.279575743560983 142
220.541 18.37688350917136 144
220.699 22.13166827753023 146
220.879 21.291049470397354 146
221.059 17.84205560628121 147
221.239 18.44295494086505 148
221.415 15.923132777087698 149
221.596 9.93248268996431 149
221.779 9.745772493625466 150
221.957 12.064454715100656 152
222.125 10.873159827126106 152
222.296 10.504607587648731 153
222.454 10.322032965966786 153
222.613 10.188456070917841 154
222.776 7.6327037477472475 155
222.955 8.852715010540711 156
223.119 9.648767705609034 157
223.279 11.85034425564622 158
223.438 13.090131766573624 159
223.601 13.824962423419453 160
223.779 14.063846485546218 161
223.963 14.032807959458731 162
224.16 13.886656716267776 163
224.318 148.9320424025634 145
224.502 223.5217407411147 165
224.676 253.5124478336999 167
224.839 258.9351291040012 167
224.998 258.5849332938651 167
225.156 123.09702050353538 168
225.338 51.0038499368393 170
225.504 19.65680270203411 170
225.664 13.603069287245482 171
225.854 13.841144601442213 172
226.026 186.05169816874982 152
226.19 202.30724535017356 154
226.351 208.18223730725242 153
226.517 207.1246093853355 153
226.683 205.65200843466693 155
226.84 31.598189730463712 155
227.014 11.697341855689135 156
227.201 9.560953790330498 158
227.358 12.478590587525964 159
227.521 14.819572359251152 160
227.678 17.37495196441361 161
227.851 21.572654671565736 163
228.024 20.62661975263474 164
228.192 17.812854054020374 164
228.359 16.274723356487822 165
228.534 15.625486945023749 166
228.706 12.48135114389198 167
228.879 11.065600055426948 168
229.075 10.815507150866733 168
229.248 10.587481349661577 169
229.41 13.133460969502671 171
229.599 11.989538636762012 171
229.771 14.537546581547176 173
229.929 15.537377025038829 173
230.114 19.391663264592463 175
230.282 21.579812546638898 177
230.444 24.417083794070596 178
230.606 22.456512213050146 179
230.768 21.666654616962823 179
230.927 17.921070546415486 180
231.084 12.82517860479997 181
231.242 11.127122278739177 182
231.559 13.086022595481628 184
231.876 368.7133821560083 209
232.123 448.0563346151159 209
232.411 479.74929352981326 211
232.78 655.939176568932 188
233.088 801.4783837998384 214
233.412 551.3710515836751 191
233.706 657.0486729915494 217
234.005 687.7927664890234 219
234.348 531.6797832511296 220
234.802 517.3052106311746 200
234.96 426.0307542076111 202
235.12 239.2798189802356 204
235.284 465.6160705452086 228
235.449 508.5431706836893 205
235.638 590.9007321785464 231
235.85 671.9809777863757 207
236.079 691.6417497430893 207
236.256 695.2795293509156 234
236.417 692.6290476558329 211
236.582 481.76905960233466 212
236.763 385.49153820862614 213
236.922 676.7422483507929 238
237.081 466.31682042147787 239
237.249 430.75403337849 240
237.42 433.9171810254029 241
237.593 440.2085022533624 242
237.767 131.08514642814234 242
237.925 47.56609147412902 242
238.106 20.393529260505403 242
