0.562 0.0 243
1.144 0.0 243
1.719 0.5 242
2.289 6.190903153378386 239
2.944 8.74083091499828 238
3.544 11842.428305939618 85
4.19 2.1381104718581316E9 65535
4.768 2.9756666168642044E9 225
5.366 3.0921794907324657E9 220
5.939 3.1083884227201056E9 218
6.505 3.110577185081654E9 243
7.08 9.728116542658273E8 209
7.699 1.353117305303726E8 178
8.872 1.880426181328543E7 199
9.561 2597832.668548965 167
10.332 397794.1694727585 160
11.381 64847.819337947396 155
12.03 8692.249123155565 150
12.835 3334.351707643415 144
13.462 845.9927156080073 142
14.852 314.1920567014258 137
15.48 191.3862771137797 132
16.065 142.36682810361117 129
17.503 108.55316459486876 125
18.467 134.82321721584975 118
19.86 144.9434769727037 113
20.61 157.42010761825912 107
21.875 160.81268442259625 104
22.955 162.1086135413349 100
23.792 153.94345396070074 94
24.594 143.4616259288193 90
25.456 117.52679980491519 87
26.372 193.4308765173672 103
27.26 173.02001162760786 98
28.152 150.0493638894543 93
28.995 155.38932878642078 87
29.805 163.3528814363986 83
30.723 70.20665669404657 83
31.604 119.81550643473356 74
32.549 145.6188406745074 69
33.36 148.91609308281227 64
34.247 157.56153808731133 59
35.127 186.31876595290416 54
36.048 168.58954805117006 49
36.997 170.9200032415761 43
37.892 171.7351041247177 38
38.706 164.4191599555666 34
39.541 161.60611228767732 29
40.481 160.5454039601928 24
41.353 151.67030858457983 19
42.202 24547.057978827153 18
43.039 28342.624879094645 23
43.855 29019.991232641172 28
44.725 29169.97773382928 33
45.698 29211.64121531187 38
46.587 4826.614393460875 43
47.512 1042.2637545642945 48
48.437 369.12762156830615 53
49.289 220.72507215771407 58
50.166 179.65310349715432 63
51.009 166.32176355486786 68
51.817 161.62673453096335 73
52.71 152.44034171312728 77
53.662 148.90393650991072 82
54.577 147.56991387224022 87
55.41 147.07036979770095 92
56.415 146.8838144264458 97
57.353 162.7537841733205 103
58.172 201.8166013023996 88
59.126 171.34591049144484 93
59.992 142.4929719474639 95
60.83 118.22496858187692 98
61.667 87.85016216842467 101
62.547 35.87688901005498 105
63.499 54.3130756500734 109
64.306 71.49724281168335 113
65.23 98.91917928354368 119
66.064 114.37898331438069 123
66.9 114.37322066956223 126
67.704 120.97785261339348 131
68.523 138.68656814494466 137
69.344 112.8308457640902 138
70.263 109.17409972413137 143
71.197 120.97124758112292 148
72.087 118.68997555141672 152
73.455 126.66507961116392 159
74.255 209.5716062918384 169
75.148 260.591573085905 176
76.104 253.9141479465494 178
77.08 251.55762632916486 182
78.047 13264.389158687283 219
78.967 17901.844820651848 182
79.906 18680.47944707609 177
80.811 18828.390620547154 174
81.622 18918.1060100465 166
82.491 5938.498216858949 159
83.33 1256.013699558892 154
84.302 441.7849863146357 149
85.324 315.193264429749 143
86.318 232.4913003336904 139
87.231 170.53866509558105 136
88.077 165.61461476386316 129
88.987 156.0425655018905 125
89.844 136.51100352254537 121
90.731 130.1483826751441 117
91.843 141.1073089887208 112
92.691 122.15061639698946 108
93.67 122.98869353938073 103
94.966 116.96700629730009 100
95.757 129.0301017521148 94
96.669 114.13701306389132 92
97.578 177.2716622120858 107
98.45 148.96802254231125 102
99.455 375.0061616819409 80
100.339 348.82801522209945 92
101.191 342.5493956845367 87
102.153 283.41857361499257 81
103.101 313.3368683183706 76
104.021 94.1443498136419 72
105.135 123.68779501749415 66
106.164 159.5109956123176 60
106.995 168.10069255699247 55
108.029 171.32614877603106 50
108.967 188.4523211471714 44
109.874 195.64629918497644 38
110.857 189.44769565503657 33
111.842 195.9460486915455 27
112.752 198.22651536330193 22
113.684 18948.519648919966 17
115.137 22801.46823862942 33
116.212 23484.217025902424 38
117.303 23625.317587374702 43
118.362 23663.520767606566 48
119.467 4917.763551848579 53
120.528 1057.4876604633437 58
121.502 372.19571193365147 63
122.51 221.50643011123583 68
123.498 179.89402830197216 73
124.524 158.92078849363554 77
125.496 151.26818570007302 82
126.478 148.43815211299446 87
127.471 147.38619945735775 92
128.521 146.9944253017177 97
130.058 162.79769826894346 103
131.218 156.04691771993603 93
132.786 125.46837923230288 95
133.772 98.07125815345266 98
134.81 74.64960516572503 101
135.876 49.64311749080167 105
137.013 45.813436773015 109
138.144 65.27532793154424 113
139.065 96.01898336182231 119
140.043 113.06648188729824 123
141.106 113.84354770686696 126
142.212 120.76583248769853 131
143.224 138.59642723186317 137
144.358 112.80153743208953 138
145.309 109.16407246745551 143
146.363 120.96691846472676 148
147.477 118.68832570306705 152
148.591 126.66464432953569 159
149.662 209.57138882909655 169
150.759 260.59148329524106 176
151.769 253.91411248165122 178
152.775 251.55760927953204 182
153.755 982.1242392262974 219
154.783 18433.13800255513 182
155.661 21160.99484711506 177
156.696 21617.44450575329 174
157.56 21787.39650597792 166
158.541 21113.391343169078 159
159.748 3623.8378182118686 154
160.773 862.4987913844006 149
161.891 428.20347042972065 143
162.909 265.51550886304096 139
163.87 180.2976203806753 136
164.779 168.92728885846424 129
165.736 157.25626193107377 125
166.703 136.89421137156629 121
167.624 130.28255822701902 117
168.559 141.16969116996967 112
169.575 122.17041937026715 108
170.532 122.99566587112359 103
171.528 116.96960865082168 100
172.502 129.03113753501896 94
173.581 114.13738049633425 92
174.612 177.2717983040406 107
175.607 148.96806410753672 102
176.541 375.00617679547986 80
177.49 348.8280160277106 92
178.457 342.5493932220815 87
179.566 283.41857435087974 81
180.523 313.33686904948655 76
181.485 94.1443498024473 72
182.486 123.68779505467808 66
183.604 159.51099563296674 60
184.63 168.10069256490792 55
185.575 171.32614877893806 50
186.543 188.45232114841968 44
187.703 195.64629918545387 38
188.656 189.4476956552052 33
189.717 195.9460486916091 27
190.695 198.22651536332742 22
193.2 12460.148619726968 17
193.777 21594.519564164326 94
