0.03 0.05028919736549174 134 speed: 130
0.186 0.28140583425137355 133 speed: 126
0.332 0.2818068918456671 133 speed: 132
0.485 0.714544132279758 132 speed: 76
0.628 1.419243417340016 131 speed: 137
0.78 2.0730951170557765 130 speed: 182
0.927 2.8819535342274367 129 speed: 76
1.077 2.9540792752546023 129 speed: 94
1.224 3.0900393724782993 128 speed: 91
1.37 3.2176734276849737 127 speed: 118
1.527 3.23199984024767 126 speed: 195
1.689 2.2056187272021424 125 speed: 141
1.837 2.5047063675546983 125 speed: 138
1.996 4.554983275877422 123 speed: 135
2.153 5.153673807128113 121 speed: 165
2.311 5.657174918853972 121 speed: 114
2.462 9.262267811501742 119 speed: 91
2.606 9.2014950021996 119 speed: 143
2.756 7.441351578422194 118 speed: 61
2.906 6.052152257037098 117 speed: 109
3.048 6.837917572634435 116 speed: 153
3.191 3.373116900447717 116 speed: 120
3.342 3.0687345106132504 115 speed: 144
3.481 4.041090022356894 114 speed: 120
3.626 4.141675734831795 114 speed: 113
3.775 2.7095814622316503 112 speed: 115
3.935 3.32434563554191 112 speed: 140
4.077 4.185705605691257 111 speed: 137
4.22 3.288863826860247 110 speed: 130
4.373 4.109562177473301 109 speed: 130
4.519 4.616530569599903 108 speed: 99
4.675 3.8962914173147216 107 speed: 128
4.824 5.351440873236205 106 speed: 94
4.973 4.59960187907693 106 speed: 126
5.122 4.1548923483610345 105 speed: 150
5.276 3.9220540906544246 104 speed: 104
5.452 4.679487546495122 103 speed: 168
5.613 3.3128639622177944 102 speed: 115
5.77 4.256517553834985 101 speed: 86
5.929 4.92506225471738 100 speed: 90
6.1 5.17463454567528 99 speed: 121
6.26 5.653803510398772 98 speed: 61
6.437 5.644690060183825 97 speed: 176
6.7 4.559309414302905 97 speed: 122
6.851 5.636086267871477 95 speed: 101
7.014 5.947044831808849 94 speed: 142
7.158 5.650651246672182 93 speed: 177
7.303 5.880991978606749 92 speed: 76
7.477 6.935751248839782 90 speed: 121
7.623 7.763022169655649 89 speed: 161
7.778 6.668134492172015 89 speed: 105
7.919 6.528913790369195 88 speed: 65
8.063 6.19733721899055 87 speed: 155
8.207 5.110980422884458 87 speed: 171
8.354 2.4145521498471343 86 speed: 122
8.49 2.77155714674961 85 speed: 141
8.634 2.8350177333068913 84 speed: 109
8.786 2.893581333098976 82 speed: 145
8.933 3.791962770803303 82 speed: 143
9.137 4.342358411649554 80 speed: 132
9.282 7.065466517576552 79 speed: 93
9.426 7.921563595373669 78 speed: 142
9.585 7.154655117222634 78 speed: 111
9.725 6.78313249840312 77 speed: 129
9.882 6.852472348651744 76 speed: 57
10.029 4.433511395347104 75 speed: 136
10.179 2.6750551594932115 75 speed: 184
10.326 2.5669080313980848 75 speed: 126
10.47 2.334719869635742 73 speed: 101
10.628 3.8931260985808733 72 speed: 129
10.772 3.216693504050238 72 speed: 75
10.913 3.8679312218951702 71 speed: 125
11.06 4.629753344085272 70 speed: 146
11.211 5.239343926605986 69 speed: 126
11.355 3.501454283684572 68 speed: 167
11.495 4.390363892488406 67 speed: 53
11.636 3.8396388943102617 67 speed: 74
11.788 3.5960500193881897 66 speed: 115
11.933 3.434604893230174 65 speed: 141
12.078 3.4728336506655437 64 speed: 133
12.23 2.290432839263853 64 speed: 183
12.376 4.185301760081336 62 speed: 123
12.521 4.956990962262283 61 speed: 143
12.664 5.5476453427397 60 speed: 71
12.806 5.785080863695735 59 speed: 135
12.951 5.860834121169053 59 speed: 92
13.104 3.863158507768394 58 speed: 124
13.249 4.432968353027943 57 speed: 105
13.39 4.338912710987425 56 speed: 151
13.539 3.2822401231789176 56 speed: 140
13.677 5.284590808801685 54 speed: 144
13.823 5.481679542673411 54 speed: 91
13.974 4.217511759667859 52 speed: 115
14.118 6.022568675571711 51 speed: 104
14.261 6.251296877828618 51 speed: 120
14.404 4.822677879331339 50 speed: 123
14.547 5.415235317833993 49 speed: 143
14.701 4.819623684816029 49 speed: 120
14.857 1.7893386245011271 47 speed: 132
14.995 3.256257831750816 47 speed: 120
15.144 3.6908913253813673 46 speed: 181
15.311 3.8501632529400664 44 speed: 151
15.456 4.827467019791483 44 speed: 120
15.603 5.982570749965949 43 speed: 78
15.763 5.423848471967196 42 speed: 95
15.914 5.57039924365981 41 speed: 84
16.07 4.679387684933063 41 speed: 124
16.213 4.228510101245884 40 speed: 93
16.358 3.0691990762335553 40 speed: 103
16.508 3.9381484672308575 38 speed: 126
16.654 2.9043595789480596 38 speed: 90
16.812 2.8511454182360807 37 speed: 178
16.986 3.8718825531994474 36 speed: 169
17.148 3.9503027123220518 34 speed: 127
17.306 4.34973721012293 34 speed: 91
17.45 5.857540172992564 33 speed: 87
17.617 7.024151196394966 32 speed: 153
17.769 5.479758091908489 32 speed: 163
17.906 5.425250809102853 32 speed: 166
18.061 4.537583859990264 29 speed: 147
18.205 6.5336832600251755 28 speed: 114
18.346 7.138788571576825 27 speed: 159
18.499 8.526363852292535 25 speed: 98
19.095 9.61220889552941 24 speed: 138
19.395 14.764882253232866 21 speed: 142
19.679 14.067283389336316 19 speed: 90
19.985 17.365385291613656 18 speed: 40
20.29 8266.027891850705 18 speed: 148
20.828 9624.011340818593 17 speed: 111
21.12 9919.0600896508 18 speed: 145
21.446 9985.209577971118 20 speed: 118
21.702 10008.111416706828 22 speed: 114
21.922 1773.8498297772885 23 speed: 92
22.369 427.1043180603808 25 speed: 146
22.57 131.24979297908155 26 speed: 91
22.854 66.26281415462597 28 speed: 130
23.071 45.14928663714349 29 speed: 99
23.597 43.33732758574138 32 speed: 147
24.011 37.396091512899716 35 speed: 95
24.257 39.49837844563838 36 speed: 101
24.526 39.946196976436596 37 speed: 94
25.048 45.19202085875059 40 speed: 110
25.362 41.631456511882874 41 speed: 102
25.643 40.94124589618442 43 speed: 139
25.89 37.062624299085584 43 speed: 135
26.464 45.53765833079574 48 speed: 219
26.753 44.18045352013055 50 speed: 96
27.1 56.325354010893356 53 speed: 110
27.363 65.10110837132225 54 speed: 126
27.569 68.19058968830915 55 speed: 169
27.914 63.41935070452294 58 speed: 94
28.17 61.77329665707505 59 speed: 124
28.373 48.92260102636655 61 speed: 151
28.679 39.68715323734474 63 speed: 109
28.906 36.296457368308815 64 speed: 115
29.244 39.29705481871656 66 speed: 89
29.491 32.832708468221334 68 speed: 123
29.796 29.474022282857923 69 speed: 146
30.049 28.562178532574535 70 speed: 134
30.328 36.35697483248471 73 speed: 84
30.568 31.201799213150515 74 speed: 147
30.857 32.23565317181522 75 speed: 45
31.103 29.23080403848783 76 speed: 137
31.328 28.39800026847569 77 speed: 181
31.794 23.674766505309172 81 speed: 144
32.024 30.99479773724893 82 speed: 104
32.289 44.435519046922614 84 speed: 119
32.565 48.24411095529402 85 speed: 83
32.839 46.57147526494554 87 speed: 137
33.153 45.41020382094435 88 speed: 136
33.408 36.12419877898526 89 speed: 143
33.735 31.123056099788855 92 speed: 135
34.049 34.408144536899954 94 speed: 104
34.372 42.3311189339172 96 speed: 101
34.683 45.77484303950507 98 speed: 72
34.978 50.96889434792978 99 speed: 115
35.34 44.18661397075563 100 speed: 131
35.797 41.41605987665964 103 speed: 123
36.037 36.62086492326639 104 speed: 157
36.366 40.236988917457694 106 speed: 147
36.693 41.951717629933896 109 speed: 137
37.012 47.35477104383555 111 speed: 165
37.24 49.803292928302255 112 speed: 125
37.567 54.72281975424494 115 speed: 125
37.794 47.46894011859927 116 speed: 138
38.086 44.08209256689709 118 speed: 114
38.329 37.88576877996621 120 speed: 97
38.72 34.96106365089076 121 speed: 116
39.038 33.634559227023175 122 speed: 120
39.679 32.98768834408253 127 speed: 109
39.935 44.073847443044514 127 speed: 129
40.493 58.760383944860735 132 speed: 100
40.76 65.30437729366244 132 speed: 159
41.121 63.564396342845924 135 speed: 150
41.478 72.0629980736278 137 speed: 101
41.825 64.24336704247601 140 speed: 106
42.154 55.03349661480911 141 speed: 104
42.543 50.96723379753532 142 speed: 111
42.851 49.64510152102338 143 speed: 141
43.165 44.32526124023764 145 speed: 154
43.487 42.7467680567774 149 speed: 163
43.826 43.05070086266966 151 speed: 193
44.184 48.73303541821479 154 speed: 106
44.502 61.73172405816681 157 speed: 154
44.878 66.94308759268091 158 speed: 142
45.205 68.66154076058736 160 speed: 122
45.566 74.03334380859492 162 speed: 99
45.916 70.71892068998004 164 speed: 125
46.239 62.12208919000378 166 speed: 55
46.56 54.47997985927363 169 speed: 150
46.891 51.04766940400649 169 speed: 106
47.355 39.80731560167361 172 speed: 86
47.631 40.159486853783505 173 speed: 145
47.947 36.52106075702373 175 speed: 132
48.326 38.901788491107624 178 speed: 110
48.746 46.421964616244786 180 speed: 187
49.083 59.76267719346677 182 speed: 110
49.399 59.8097560107842 185 speed: 95
49.729 64.7803619445465 187 speed: 161
50.031 66.92357655137207 188 speed: 109
50.382 61.09281146232876 191 speed: 75
50.836 52.63672588092384 193 speed: 102
51.079 45.45793362086359 194 speed: 127
51.348 38.12735015928758 195 speed: 126
51.73 40.13531175597491 198 speed: 158
52.168 41.78266142417567 201 speed: 152
52.375 42.233388191924426 202 speed: 81
52.577 51.65554623587866 204 speed: 76
52.917 54.264661370730366 205 speed: 84
53.241 43.63006445338564 207 speed: 100
53.507 38.15292724674654 207 speed: 141
53.7 32.33434438345851 208 speed: 120
53.92 18.79173451767453 210 speed: 142
54.237 21.245322583176453 212 speed: 90
54.508 29.04896986841601 213 speed: 120
54.796 33.009667750440144 215 speed: 120
54.994 34.31839669586809 216 speed: 119
55.319 36.76688862479839 217 speed: 81
55.626 34.410197329052295 220 speed: 106
55.863 33.07858540021978 221 speed: 92
56.185 25.572039017907517 222 speed: 132
56.424 23.076446806938957 224 speed: 162
56.742 29.985408811047954 225 speed: 90
56.986 33.63884184448617 227 speed: 145
57.319 31.213075933165136 228 speed: 129
57.605 33.096071578993815 231 speed: 106
57.934 41.648569411508696 233 speed: 87
58.157 37.2154194986253 233 speed: 149
58.486 774.629439004276 197 speed: 157
58.741 1159.7408528544024 236 speed: 145
59.052 1276.2201188641525 201 speed: 150
59.283 1318.0722542754995 242 speed: 166
59.593 1322.5518696720699 242 speed: 105
59.908 31808.999063504016 242 speed: 104
60.118 36945.439431535706 242 speed: 68
60.332 37799.049450525716 240 speed: 67
60.622 39889.3810647862 199 speed: 163
61.085 40282.513390941225 236 speed: 123
61.346 9500.095501573896 235 speed: 159
61.653 4017.9012610239492 232 speed: 81
61.956 3045.7918305081125 230 speed: 80
62.191 902.2667203376175 230 speed: 137
62.494 498.8737612308204 227 speed: 134
62.831 52.6141032323384 226 speed: 168
63.055 10.285866569141875 225 speed: 93
63.363 12.839079116388842 222 speed: 100
63.638 15.017997049613498 220 speed: 121
63.95 18.739432812614055 219 speed: 120
64.179 15.342524456464425 219 speed: 120
64.503 20.535754831572305 216 speed: 115
64.851 19.23825794386363 214 speed: 120
65.17 21.65854952890647 212 speed: 113
65.416 19.944217611375457 210 speed: 103
65.74 25.771318078323844 208 speed: 129
66.18 24.442589030525724 207 speed: 133
66.443 24.134266064930024 205 speed: 111
66.865 32.77752151386042 202 speed: 148
67.119 32.09596249737297 200 speed: 148
67.433 31.494191924601765 199 speed: 133
67.71 31.433692434354246 197 speed: 113
67.955 29.45725526536383 195 speed: 87
68.267 22.562755004679445 193 speed: 150
68.503 23.682242356095962 193 speed: 115
68.844 20.493133247633267 191 speed: 156
69.105 16.10081435142135 190 speed: 129
69.424 22.63529496549215 186 speed: 160
69.648 18.845197736381728 184 speed: 200
70.104 29.778982580507744 181 speed: 92
70.352 30.37332064386022 178 speed: 110
70.669 43.35893200498318 177 speed: 129
70.984 41.0556106297637 176 speed: 103
71.194 41.09145962764971 173 speed: 79
71.477 31.455968856497847 173 speed: 150
71.882 31.60608811918868 171 speed: 140
72.312 22.062621165806597 169 speed: 104
72.641 26.624593855525085 165 speed: 158
72.926 30.8245801098801 164 speed: 172
73.135 27.558719882621546 162 speed: 122
73.363 26.080066195464347 162 speed: 77
73.719 29.476461988362615 158 speed: 106
73.979 23.15300153744154 158 speed: 135
74.281 18.195321905198195 156 speed: 122
74.575 21.124147188593707 154 speed: 137
74.819 19.692929445547218 153 speed: 127
75.147 14.70648900025532 151 speed: 120
75.441 20.282337106521396 149 speed: 139
75.78 21.784434192060278 147 speed: 132
76.08 22.21465792461491 145 speed: 190
76.289 22.40822544322098 145 speed: 114
76.54 22.813946213365742 142 speed: 78
76.862 18.994080488961842 140 speed: 125
77.149 20.97014310348859 139 speed: 138
77.388 17.398685534949667 139 speed: 123
77.738 21.64798350182098 135 speed: 107
78.048 23.03458859786025 134 speed: 159
78.288 18.612898850880548 132 speed: 116
78.605 19.586381590223688 130 speed: 129
78.843 21.81209938463054 129 speed: 104
79.147 19.66971718599708 127 speed: 140
79.463 18.919890769374202 125 speed: 139
79.786 20.39293160813833 123 speed: 161
80.139 22.33423071971611 121 speed: 78
80.454 31.05474444411705 118 speed: 118
80.813 30.565842027911142 117 speed: 170
81.252 30.361600705568193 114 speed: 136
81.513 33.204305287186955 112 speed: 164
81.757 30.17344964312154 111 speed: 147
82.176 28.326722341527052 107 speed: 139
82.533 36.53489009467219 105 speed: 141
82.861 39.98728841773324 103 speed: 110
83.106 38.19940865867551 101 speed: 128
83.496 41.34220423060337 99 speed: 147
83.805 38.38110705638876 97 speed: 127
84.089 32.999983245476734 95 speed: 70
84.336 27.29316553126081 94 speed: 177
84.801 28.31838169771677 92 speed: 120
85.141 29.19822600616957 89 speed: 126
85.578 34.90893852944434 86 speed: 83
85.813 32.51815969396822 86 speed: 138
86.032 35.22109192235138 84 speed: 104
86.269 31.54806204505873 82 speed: 135
86.629 25.015155386845333 82 speed: 152
86.902 20.96265197626075 79 speed: 108
87.127 17.769076787550382 79 speed: 131
87.389 15.771879937675509 76 speed: 133
87.833 19.38144534988981 73 speed: 181
88.108 21.73073558015572 73 speed: 120
88.395 23.078388490140235 70 speed: 126
88.625 25.88654375824457 68 speed: 94
88.951 27.548961895296767 66 speed: 124
89.25 25.699367900930213 65 speed: 123
89.485 28.191132196986025 63 speed: 165
89.85 21.366943942824808 61 speed: 146
90.207 22.214064667949682 60 speed: 90
90.772 32.71644871312927 56 speed: 102
91.195 39.21290971799277 54 speed: 163
91.735 43.72086399670796 50 speed: 98
92.311 59.99832542085957 46 speed: 156
92.593 66.24354690849458 45 speed: 80
92.833 52.170097976453384 43 speed: 153
93.15 50.643832646170026 42 speed: 99
93.44 41.62896282391417 39 speed: 113
93.677 26.624465504790525 38 speed: 165
93.989 17.78093239931438 37 speed: 132
94.274 17.89896464502965 37 speed: 128
94.584 17.8679163745591 32 speed: 115
94.824 21.135909745636646 32 speed: 127
95.143 22.818864273075956 29 speed: 134
95.39 23.2881289305113 28 speed: 134
95.705 30.172151367834694 25 speed: 105
95.954 26.249710459881463 24 speed: 111
96.261 24.436185215220174 23 speed: 142
96.545 20.688442572027874 21 speed: 138
96.77 19.62556454616112 19 speed: 118
97.02 14.946432560831564 19 speed: 119
97.307 31304.95369243154 16 speed: 126
97.947 37010.961558675226 18 speed: 141
98.246 38095.66429952859 19 speed: 195
98.519 38340.262689546136 22 speed: 120
98.728 38408.61052428978 23 speed: 165
99.171 7136.360354498737 27 speed: 129
99.435 1446.4540701106266 28 speed: 126
99.885 373.8240278460081 29 speed: 154
100.298 145.37699503866958 34 speed: 130
100.546 86.13507701144424 36 speed: 120
100.807 75.68009438755526 37 speed: 96
101.332 77.65185894639663 40 speed: 113
101.53 68.05328213025734 40 speed: 82
101.833 53.711777957617045 41 speed: 64
102.346 108.09032938752321 54 speed: 156
102.657 182.33003533340914 59 speed: 111
102.843 212.79525171097987 61 speed: 127
103.061 225.05689402240478 63 speed: 141
103.295 234.06608272820245 64 speed: 107
103.53 191.31327396034413 68 speed: 160
103.785 121.50332392406938 70 speed: 122
104.012 92.96219532327288 74 speed: 76
104.182 90.27936862900978 76 speed: 51
104.5 85.29710123316855 79 speed: 187
104.76 89.1078212843463 84 speed: 110
105.004 97.88539796408793 87 speed: 151
105.245 95.53074180021349 89 speed: 152
105.472 110.14949528230773 93 speed: 117
105.635 135.0723388027256 96 speed: 136
105.896 118.61069844881656 97 speed: 135
106.06 105.43377803053465 99 speed: 135
106.294 88.88189641286102 100 speed: 111
106.531 67.62541084191935 103 speed: 92
106.756 44.15577578792289 106 speed: 123
107.008 62.29669209286039 110 speed: 138
107.19 76.1700445132324 112 speed: 154
107.447 85.6895240322042 114 speed: 121
107.616 90.31751259978213 116 speed: 151
107.844 92.33404700065194 118 speed: 129
108.079 78.63761882555477 122 speed: 144
108.297 61.483601587179955 126 speed: 132
108.571 106.6806490094103 131 speed: 149
108.807 121.10074829987714 132 speed: 171
109.036 150.71552262233095 137 speed: 119
109.28 170.59903538839782 142 speed: 82
109.508 198.16312390881285 145 speed: 116
109.713 172.1710652562342 149 speed: 107
109.874 189.99964409838768 154 speed: 127
110.117 164.21506017587947 155 speed: 127
110.293 140.12365755211994 158 speed: 147
110.51 115.76809084953541 160 speed: 120
110.737 113.5841842932461 164 speed: 186
110.984 94.23766628239052 167 speed: 135
111.221 102.16630744656086 170 speed: 146
111.461 120.44692355348282 174 speed: 183
111.699 142.33074641500787 179 speed: 116
111.935 142.59244364153272 184 speed: 62
112.151 160.47087782214624 188 speed: 103
112.403 174.92434409200433 192 speed: 80
112.63 171.61166199658285 195 speed: 138
112.875 170.6546801839167 198 speed: 143
113.11 169.84645856592758 204 speed: 41
113.33 151.6282960626458 205 speed: 127
113.56 137.20057515261908 208 speed: 156
113.795 124.51472651099967 211 speed: 103
114.034 110.70611658839053 215 speed: 135
114.299 96.9465752875987 217 speed: 35
114.537 98.34120764600289 220 speed: 87
114.819 91.78491223198165 222 speed: 149
115.118 95.92444502846435 225 speed: 123
115.365 91.43746711904248 231 speed: 139
115.688 99.00347089173997 234 speed: 189
116.063 113.0300565047772 200 speed: 137
116.65 155.9424760213116 242 speed: 135
116.953 149.22783264157414 242 speed: 103
117.267 31634.653354497328 200 speed: 94
117.451 43266.2434379862 199 speed: 138
117.881 43451.60433298715 231 speed: 134
118.182 43531.51753777841 229 speed: 68
118.331 43582.44272260531 227 speed: 140
118.543 12093.502712743595 227 speed: 129
118.778 443.6058581940895 222 speed: 144
119.094 243.09390152952267 220 speed: 59
119.246 130.3941231871468 216 speed: 105
119.536 79.53589604608108 213 speed: 191
119.804 89.24640433613219 208 speed: 129
119.981 97.69157885589034 207 speed: 179
120.231 81.59612429661564 205 speed: 158
120.404 79.73670026416497 200 speed: 182
120.61 71.4058903052154 200 speed: 142
120.833 60.814172436908365 197 speed: 113
121.052 52.66393050106483 195 speed: 76
121.278 54.40877502584376 191 speed: 158
121.522 42.658222126762055 187 speed: 132
121.802 67.08789459586372 182 speed: 116
122.048 104.1097348342823 177 speed: 133
122.315 114.25011629005738 175 speed: 153
122.533 118.7412998852459 173 speed: 153
122.778 115.88125467771495 169 speed: 73
123.004 122.61685187886314 165 speed: 122
123.215 97.90922167078529 160 speed: 157
123.45 104.82205553717596 158 speed: 105
123.666 100.8807810838658 156 speed: 193
123.922 104.17358064821731 152 speed: 117
124.133 90.15623697713315 148 speed: 100
124.359 92.75266394337655 145 speed: 130
124.587 86.05973673777851 141 speed: 135
124.835 89.98074383449786 138 speed: 161
125.059 98.85911530084446 134 speed: 88
125.287 95.66705232479285 131 speed: 114
125.507 88.40018294262676 129 speed: 50
125.694 92.9616357547722 125 speed: 101
125.97 80.99736276005346 125 speed: 127
126.327 73.43018125389149 121 speed: 91
126.517 76.7604273043883 117 speed: 135
126.711 66.12934395900969 116 speed: 175
126.871 60.835649721978385 112 speed: 46
127.119 62.81562465988175 107 speed: 158
127.274 79.07995711868583 105 speed: 120
127.503 67.73655122736426 103 speed: 43
127.676 73.5246625636227 101 speed: 156
127.943 61.086644016827336 99 speed: 58
128.126 65.26253469080027 97 speed: 139
128.362 38.34402421535723 96 speed: 108
128.586 34.16220727469239 94 speed: 75
128.834 45.48069721393402 89 speed: 85
129.049 75.05656361171498 84 speed: 91
129.3 80.55622566795975 82 speed: 121
129.527 91.27240561662244 79 speed: 132
129.761 100.35267961335637 75 speed: 125
130.004 98.56428210740604 72 speed: 102
130.231 89.07881158604549 67 speed: 92
130.46 91.54571782828809 65 speed: 190
130.691 98.69044613352085 60 speed: 177
130.955 117.20314756833359 56 speed: 124
131.121 110.73166218519768 54 speed: 101
131.339 95.54306218584986 52 speed: 77
131.573 103.19400454653926 47 speed: 166
131.81 93.8820112671265 43 speed: 123
132.065 74.5253645531538 41 speed: 118
132.601 80.52768403778103 37 speed: 104
133.27 94.48446551842429 34 speed: 153
133.614 81.74071884896249 32 speed: 83
133.921 82.56739048067149 28 speed: 150
134.297 82.37868234865871 25 speed: 162
134.758 69.87129115846675 22 speed: 155
135.113 53.22122209572029 21 speed: 115
135.632 52.10091832295276 18 speed: 93
